1951  5104  2  1951042812  1951051112  IRIS           
1951  5105  4  1951050600  1951051400  JOAN           
1951  5106  2  1951062606  1951070300  KATE           
1951  5114  5  1951092000  1951092812  PAT            
1951  5115  2  1951100800  1951101600  RUTH           
1951  5116  1  1951102200  1951102800  SARAH          
1951  5118  3  1951102806  1951110118  VERA           
1952  5201  5  1952060906  1952061600  CHARLOTTE      
1952  5202  2  1952061900  1952062418  DINAH          
1952  5207  3  1952080500  1952080900  IVY            
1952  5209  2  1952081200  1952082000  KAREN          
1952  5211  2  1952082800  1952090500  MARY           
1952  5213  1  1952091500  1952092100  OLIVE          
1952  5214  3  1952092412  1952100212  POLLY          
1952  5215  4  1952100400  1952101012  ROSE           
1952  5221  6  1952110618  1952111512  BESS           
1952  5222  2  1952111600  1952112206  CARMEN         
1952  5223  5  1952112012  1952112706  DELLA          
1952  5227  4  1952122718  1953010600  HESTER         
1953  5302  6  1953052900  1953060712  JUDY           
1953  5303  5  1953062112  1953070212  19901017       
1953  5304  6  1953062600  1953070700  KIT            
1953  5306  4  1953073118  1953081000  MAMIE          
1953  5307  6  1953080706  1953081900  NINA           
1953  5308  5  1953080912  1953081612  OPHELIA        
1953  5309  5  1953081606  1953082206  PHYLLIS        
1953  5310  5  1953082306  1953090312  RITA           
1953  5313  4  1953091612  1953092718  TESS           
1953  5315  2  1953092712  1953100300  19890601       
1953  5316  3  1953100118  1953100800  VIOLA          
1953  5318  1  1953101112  1953102300  ALICE          
1953  5320  5  1953111018  1953111918  CORA           
1953  5323  3  1953121000  1953122200  DORIS          
1954  5405  2  1954081200  1954082012  GRACE          
1954  5406  4  1954081300  1954081800  HELEN          
1954  5407  6  1954081818  1954082706  19890601       
1954  5412  2  1954090406  1954091600  JUNE           
1954  5413  2  1954083118  1954090818  KATHY          
1954  5414  4  1954091006  1954092000  LORNA          
1954  5415  2  1954091718  1954092800  MARIE          
1954  5417  1  1954101200  1954101812  OLGA           
1955  5503  1  1955032106  1955032912  WILDA          
1955  5504  6  1955041700  1955042806  ANITA          
1955  5509  4  1955071506  1955072418  ELLEN          
1955  5510  4  1955071700  1955072212  19910716       
1955  5514  1  1955080218  1955081700  HOPE           
1955  5520  4  1955082906  1955090406  JOAN           
1955  5522  2  1955092000  1955093018  LOUISE         
1955  5523  2  1955092712  1955100406  MARGE          
1955  5526  2  1955101518  1955102100  OPAL           
1955  5527  3  1955112506  1955120312  PATSY          
1956  5606  6  1956072500  1956080400  WANDA          
1956  5613  5  1956091300  1956091912  FREDA          
1956  5614  5  1956091800  1956092318  GILDA          
1956  5615  4  1956091900  1956092806  HARRIET        
1957  5705  6  1957061806  1957062700  VIRGINIA       
1957  5707  2  1957081112  1957082206  AGNES          
1957  5708  5  1957081318  1957082100  19890601       
1957  5710  2  1957082606  1957090718  BESS           
1957  5713  4  1957091418  1957091906  ELAINE         
1957  5714  2  1957091718  1957092718  FAYE           
1957  5716  4  1957100318  1957101018  HESTER         
1957  5718  5  1957101112  1957101512  19890601       
1957  5719  3  1957101918  1957102700  JUDY           
1957  5720  6  1957110418  1957111700  KIT            
1957  5721  3  1957110818  1957112018  LOLA           
1957  5722  1  1957111718  1957112400  MAMIE          
1958  5803  3  1958052500  1958060218  PHYLLIS        
1958  5805  3  1958060700  1958061306  RITA           
1958  5806  6  1958060800  1958061206  19890601       
1958  5807  4  1958061300  1958061800  SUSAN          
1958  5809  3  1958070800  1958071406  VIOLA          
1958  5810  5  1958071100  1958071800  WINNIE         
1958  5811  4  1958071306  1958072418  ALICE          
1958  5813  3  1958072200  1958073000  DORIS          
1958  5815  1  1958080412  1958080918  ELSIE          
1958  5817  2  1958081912  1958082606  FLOSSIE        
1958  5819  6  1958082718  1958090518  GRACE          
1958  5821  2  1958090800  1958091900  HELEN          
1958  5822  3  1958092006  1958092700  IDA            
1958  5826  3  1958102212  1958110318  LORNA          
1958  5827  4  1958102318  1958110318  MARIE          
1958  5830  4  1958120106  1958120818  OLGA           
1959  5904  6  1959070400  1959070806  WILDA          
1959  5905  6  1959071012  1959071718  BILLIE         
1959  5906  2  1959080100  1959081000  ELLEN          
1959  5907  3  1959081000  1959081500  GEORGIA        
1959  5909  5  1959082318  1959083118  JOAN           
1959  5911  6  1959082906  1959090612  LOUISE         
1959  5913  5  1959090718  1959091200  NORA           
1959  5914  2  1959091100  1959091900  SARAH          
1959  5915  2  1959092000  1959092712  VERA           
1959  5916  2  1959100306  1959100712  AMY            
1959  5917  5  1959100500  1959101006  BABS           
1959  5918  2  1959100900  1959101906  CHARLOTTE      
1959  5919  3  1959101218  1959102118  DINAH          
1959  5920  6  1959110100  1959111400  EMMA           
1959  5921  5  1959111300  1959111912  FREDA          
1960  6002  3  1960052706  1960060206  LUCILLE        
1960  6003  6  1960060200  1960061200  MARY           
1960  6004  4  1960060200  1960061106  NADINE         
1960  6006  6  1960071700  1960072900  POLLY          
1960  6007  4  1960072412  1960072906  ROSE           
1960  6011  2  1960080718  1960081206  VIRGINIA       
1960  6014  4  1960081512  1960082606  BESS           
1960  6015  2  1960081500  1960082400  CARMEN         
1960  6016  2  1960081700  1960083018  DELLA          
1960  6018  3  1960082300  1960083118  FAYE           
1960  6021  4  1960092318  1960100118  JUDY           
1960  6024  3  1960101112  1960102100  MAMIE          
1960  6025  4  1960102000  1960102806  NINA           
1960  6026  4  1960112500  1960120606  OPHELIA        
1961  6102  3  1961032206  1961033106  TESS           
1961  6103  5  1961051518  1961052012  ARICE          
1961  6104  6  1961052100  1961052806  BETTY          
1961  6107  5  1961062718  1961070400  DORIS          
1961  6110  6  1961072218  1961080312  HELEN          
1961  6116  5  1961081900  1961082800  LORNA          
1961  6118  2  1961090612  1961091718  NANCY          
1961  6123  6  1961092512  1961100506  TILDA          
1961  6124  3  1961100218  1961101012  VIOLET         
1961  6126  4  1961101806  1961103000  BILLIE         
1961  6128  4  1961110712  1961111512  DOT            
1962  6202  4  1962041518  1962042412  GEORGIA        
1962  6203  6  1962051418  1962052218  HOPE           
1962  6205  6  1962070618  1962071100  JOAN           
1962  6207  2  1962072018  1962072806  LOUISE         
1962  6209  2  1962072818  1962080318  NORA           
1962  6210  6  1962073006  1962080906  OPAL           
1962  6212  4  1962081200  1962082306  RUTH           
1962  6213  2  1962081400  1962082300  SARAH          
1962  6214  2  1962082000  1962082700  THELMA         
1962  6217  6  1962082818  1962090706  AMY            
1962  6219  4  1962091106  1962091612  19890601       
1962  6222  1  1962092812  1962101206  EMMA           
1962  6224  3  1962101818  1962103100  GILDA          
1962  6228  3  1962110706  1962111718  KAREN          
1962  6230  1  1962120518  1962121100  NADINE         
1963  6301  1  1963042600  1963050518  OLIVE          
1963  6302  3  1963052700  1963060518  POLLY          
1963  6303  2  1963060612  1963061406  ROSE           
1963  6304  6  1963061206  1963062006  SHIRLEY        
1963  6305  5  1963061518  1963070206  TRIX           
1963  6307  6  1963070900  1963072006  WENDY          
1963  6309  2  1963072518  1963081106  BESS           
1963  6311  2  1963082318  1963082912  DELLA          
1963  6312  1  1963082300  1963082800  ELAINE         
1963  6315  3  1963090718  1963091312  HESTER         
1963  6317  3  1963092706  1963100418  JUDY           
1963  6318  3  1963100306  1963101200  KIT            
1963  6319  3  1963100600  1963102000  LOLA           
1963  6320  4  1963101312  1963101818  MAMIE          
1963  6321  4  1963102218  1963103012  ORA            
1963  6322  5  1963120818  1963121312  PHYLLIS        
1963  6323  5  1963121500  1963121918  RITA           
1963  6324  3  1963121800  1963122900  SUSAN          
1964  6401  4  1964051200  1964052400  TESS           
1964  6402  5  1964052118  1964053000  VIOLA          
1964  6405  6  1964070200  1964070706  BETTY          
1964  6409  6  1964072400  1964073000  FLOSSIE        
1964  6411  6  1964072700  1964080406  HELEN          
1964  6414  2  1964081018  1964082506  KATHY          
1964  6417  5  1964090112  1964090606  RUBY           
1964  6420  2  1964091618  1964092518  WILDA          
1964  6424  5  1964100706  1964101506  DOT            
1964  6425  1  1964101300  1964102106  FRAN           
1964  6434  5  1964120900  1964121700  OPAL           
1965  6502  4  1965012018  1965012606  RUTH           
1965  6506  2  1965052006  1965052712  AMY            
1965  6508  5  1965053006  1965060306  CARLA          
1965  6510  6  1965061906  1965062618  EMMA           
1965  6512  5  1965071218  1965072500  GILDA          
1965  6513  6  1965071906  1965072818  HARRIET        
1965  6515  2  1965072400  1965080700  JEAN           
1965  6517  4  1965081412  1965082406  LUCY           
1965  6518  6  1965081400  1965082400  MARY           
1965  6520  4  1965082606  1965090400  OLIVE          
1965  6523  2  1965083118  1965091100  SHIRLEY        
1965  6524  2  1965090718  1965091806  TRIX           
1965  6525  4  1965091218  1965091706  VIRGINIA       
1965  6526  2  1965091518  1965092600  WENDY          
1965  6528  4  1965092512  1965100506  BESS           
1965  6529  4  1965100118  1965101000  CARMEN         
1965  6530  4  1965101000  1965102006  DELLA          
1965  6532  3  1965111300  1965112606  FAYE           
1966  6603  6  1966052106  1966060100  JUDY           
1966  6604  3  1966062000  1966062906  KIT            
1966  6615  6  1966081806  1966082518  WINNIE         
1966  6617  2  1966082112  1966090100  BETTY          
1966  6618  6  1966082818  1966090800  CORA           
1966  6619  2  1966090400  1966091012  DORIS          
1966  6621  6  1966090818  1966091800  ELSIE          
1966  6622  4  1966090906  1966091806  FLOSSIE        
1966  6623  1  1966091300  1966091718  GRACE          
1966  6624  2  1966091600  1966092512  HELEN          
1966  6625  4  1966092000  1966092400  19890601       
1966  6627  4  1966091818  1966092912  JUNE           
1966  6631  1  1966102918  1966110406  MARIE          
1967  6701  5  1967012806  1967020700  RUBY           
1967  6703  4  1967031518  1967032500  THERESE        
1967  6704  5  1967033118  1967041212  VIOLET         
1967  6707  6  1967062918  1967070900  BILLIE         
1967  6710  6  1967071918  1967073000  20130319       
1967  6711  4  1967072712  1967080418  ELLEN          
1967  6712  5  1967072800  1967080318  FRAN           
1967  6713  4  1967072812  1967080806  GEORGIA        
1967  6714  1  1967080300  1967081106  HOPE           
1967  6717  1  1967081618  1967082518  JOAN           
1967  6722  4  1967082900  1967091706  OPAL           
1967  6727  4  1967091400  1967092212  SARAH          
1967  6728  4  1967091600  1967092500  WANDA          
1967  6730  4  1967092418  1967100606  AMY            
1967  6732  1  1967100612  1967101012  BABE           
1967  6734  2  1967101600  1967102800  DINAH          
1967  6736  5  1967110606  1967111106  FREDA          
1968  6802  3  1968052800  1968060600  KIM            
1968  6804  4  1968071900  1968080312  MARY           
1968  6807  2  1968080312  1968081712  POLLY          
1968  6810  2  1968082200  1968082912  TRIX           
1968  6813  4  1968082706  1968091006  AGNES          
1968  6815  4  1968091500  1968092406  CARMEN         
1968  6816  6  1968091118  1968092600  DELLA          
1968  6817  5  1968092206  1968100206  ELAINE         
1968  6818  1  1968093012  1968101006  FAYE           
1968  6819  3  1968101206  1968102500  GLORIA         
1968  6821  4  1968101800  1968102512  IRMA           
1968  6823  4  1968102600  1968110512  KIT            
1968  6824  4  1968110512  1968111300  LOLA           
1969  6905  5  1969072012  1969073100  VIOLA          
1969  6907  2  1969080100  1969080506  ALICE          
1969  6908  5  1969080400  1969081100  BETTY          
1969  6909  2  1969081218  1969082312  CORA           
1969  6911  5  1969091600  1969092806  ELSIE          
1969  6912  3  1969092700  1969100918  FLOSSIE        
1969  6914  1  1969100512  1969101318  HELEN          
1969  6915  1  1969101400  1969102418  IDA            
1969  6916  3  1969102600  1969110518  JUNE           
1969  6917  3  1969110218  1969110918  KATHY          
1970  7002  6  1970062718  1970070600  OLGA           
1970  7004  5  1970071112  1970071712  RUBY           
1970  7005  1  1970071906  1970072306  SALLY          
1970  7006  6  1970072800  1970080112  19890601       
1970  7009  2  1970080900  1970081600  WILDA          
1970  7010  2  1970081500  1970082218  ANITA          
1970  7011  6  1970082100  1970083118  BILLIE         
1970  7015  5  1970090300  1970091018  FRAN           
1970  7021  5  1970102306  1970103000  LOUISE         
1971  7101  3  1971010800  1971011200  SARAH          
1971  7102  3  1971031600  1971032106  THELMA         
1971  7103  6  1971040606  1971041906  VERA           
1971  7106  6  1971050206  1971050706  BABE           
1971  7107  6  1971051700  1971052400  CARLA          
1971  7110  5  1971060900  1971061912  FREDA          
1971  7111  5  1971062200  1971062900  GILDA          
1971  7113  2  1971070400  1971070818  IVY            
1971  7117  1  1971071600  1971072112  MARY           
1971  7119  2  1971072418  1971080706  OLIVE          
1971  7120  6  1971080312  1971081118  POLLY          
1971  7122  4  1971081018  1971081718  SHIRLEY        
1971  7123  2  1971081900  1971090112  TRIX           
1971  7124  1  1971082300  1971082906  19890601       
1971  7125  4  1971090100  1971090900  VIRGINIA       
1971  7126  4  1971090400  1971091318  WENDY          
1971  7128  5  1971091612  1971092400  BESS           
1971  7129  3  1971092212  1971092618  CARMEN         
1971  7132  6  1971100406  1971101518  FAYE           
1971  7135  3  1971110712  1971111612  IRMA           
1972  7207  6  1972070512  1972072612  RITA           
1972  7208  5  1972070518  1972071518  SUSAN          
1972  7209  2  1972070712  1972072412  TESS           
1972  7210  1  1972071918  1972072718  VIOLA          
1972  7212  6  1972072900  1972080306  WINNIE         
1972  7213  4  1972072800  1972081000  ALICE          
1972  7214  5  1972080800  1972081900  BETTY          
1972  7216  1  1972082506  1972082912  DORIS          
1972  7220  2  1972091006  1972091900  HELEN          
1972  7221  4  1972091618  1972092600  IDA            
1972  7222  3  1972092718  1972100618  KATHY          
1972  7224  4  1972100506  1972101218  MARIE          
1972  7226  4  1972102106  1972103000  OLGA           
1973  7301  5  1973062812  1973070600  WILDA          
1973  7310  2  1973080618  1973081806  IRIS           
1974  7401  3  1974010806  1974011400  WANDA          
1974  7402  3  1974031218  1974032000  AMY            
1974  7403  3  1974042512  1974050200  BABE           
1974  7404  4  1974050100  1974050712  CARLA          
1974  7408  2  1974062600  1974070812  GILDA          
1974  7416  2  1974082500  1974090300  POLLY          
1974  7418  6  1974090200  1974090900  SHIRLEY        
1974  7420  4  1974091012  1974091618  VIRGINIA       
1974  7422  1  1974092100  1974100300  AGNES          
1974  7430  5  1974112106  1974120218  IRMA           
1975  7504  5  1975080900  1975081600  ORA            
1975  7505  2  1975081200  1975081900  PHYLLIS        
1975  7506  2  1975080918  1975082400  RITA           
1975  7508  4  1975090112  1975091012  TESS           
1975  7510  1  1975090800  1975091212  WINNIE         
1975  7513  4  1975092912  1975100700  CORA           
1975  7514  5  1975100212  1975100706  DORIS          
1975  7515  5  1975100818  1975101418  ELSIE          
1975  7517  3  1975102300  1975110206  GRACE          
1975  7519  4  1975110506  1975111112  IDA            
1975  7520  4  1975111606  1975112406  JUNE           
1976  7603  3  1976040212  1976041500  MARIE          
1976  7605  6  1976051118  1976052712  OLGA           
1976  7606  4  1976051406  1976052800  PAMELA         
1976  7607  3  1976062100  1976070406  RUBY           
1976  7608  4  1976062312  1976070306  SALLY          
1976  7609  6  1976070900  1976072100  THERESE        
1976  7610  5  1976071912  1976072712  VIOLET         
1976  7613  5  1976080106  1976081200  BILLIE         
1976  7615  6  1976081706  1976082300  DOT            
1976  7617  2  1976090300  1976091400  FRAN           
1976  7619  4  1976091312  1976091800  HOPE           
1976  7621  1  1976091800  1976092500  JOAN           
1976  7622  3  1976102800  1976110800  LOUISE         
1976  7623  6  1976110406  1976111106  MARGE          
1977  7702  5  1977061300  1977061712  RUTH           
1977  7706  4  1977073000  1977080712  WANDA          
1977  7707  6  1977081606  1977082518  AMY            
1977  7709  6  1977083106  1977091200  BABE           
1977  7711  4  1977091206  1977092106  EMMA           
1977  7712  5  1977091106  1977092506  DINAH          
1977  7713  5  1977092100  1977092512  FREDA          
1977  7714  4  1977100300  1977101000  GILDA          
1977  7716  3  1977101406  1977102012  HARRIET        
1977  7717  1  1977101800  1977102706  IVY            
1977  7719  5  1977110400  1977111706  KIM            
1977  7720  3  1977112800  1977120900  LUCY           
1978  7803  6  1978061400  1978062012  POLLY          
1978  7807  4  1978072206  1978080400  VIRGINIA       
1978  7808  2  1978072200  1978080306  WENDY          
1978  7811  6  1978080906  1978082006  CARMEN         
1978  7817  1  1978082812  1978090112  HESTER         
1978  7819  4  1978090900  1978091712  JUDY           
1978  7822  1  1978093000  1978100512  MAMIE          
1978  7824  6  1978100818  1978101506  ORA            
1978  7825  1  1978101500  1978102300  PHYLLIS        
1978  7828  4  1978103106  1978110700  TESS           
1978  7829  6  1978111700  1978112418  VIOLA          
1978  7830  1  1978112512  1978120100  WINNIE         
1979  7901  3  1978123112  1979011500  ALICE          
1979  7903  6  1979041100  1979042100  CECIL          
1979  7904  6  1979050900  1979051712  DOT            
1979  7905  5  1979051900  1979052406  19921021       
1979  7910  2  1979080700  1979081812  IRVING         
1979  7912  2  1979083018  1979090500  KEN            
1979  7913  4  1979090100  1979090900  LOLA           
1979  7916  2  1979092112  1979100106  OWEN           
1979  7920  2  1979100406  1979101918  TIP            
1979  7923  3  1979120106  1979121500  ABBY           
1980  8003  3  1980051300  1980052212  ELLEN          
1980  8004  5  1980051900  1980052618  FORREST        
1980  8006  5  1980062200  1980062906  HERBERT        
1980  8007  5  1980070512  1980071312  IDA            
1980  8008  5  1980071518  1980072400  JOE            
1980  8010  4  1980072800  1980080818  LEX            
1980  8011  1  1980080800  1980081600  MARGE          
1980  8012  5  1980082306  1980082900  NORRIS         
1980  8013  2  1980090400  1980091200  ORCHID         
1980  8015  5  1980091206  1980091618  RUTH           
1980  8016  1  1980091412  1980092318  SPERRY         
1980  8017  4  1980092506  1980093012  THELMA         
1980  8018  4  1980092700  1980100318  VERNON         
1980  8019  2  1980100306  1980101500  WYNNE          
1980  8021  6  1980102800  1980110800  BELLY          
1980  8023  4  1980112018  1980112518  DINAH          
1981  8105  2  1981061512  1981062306  JUNE           
1981  8108  5  1981071706  1981072118  MAURY          
1981  8114  1  1981080612  1981081418  SUSAN          
1981  8115  2  1981081512  1981082312  THAD           
1981  8116  1  1981081600  1981082006  VANESSA        
1981  8117  5  1981081600  1981082100  WARREN         
1981  8118  6  1981082506  1981090318  AGNES          
1981  8119  4  1981090118  1981090706  BILL           
1981  8120  5  1981091318  1981092306  CLARA          
1981  8121  1  1981091900  1981092318  DOYLE          
1981  8122  3  1981092318  1981100218  ELSIE          
1981  8123  5  1981101018  1981101600  FABIAN         
1981  8124  2  1981101400  1981102306  GAY            
1981  8125  5  1981111300  1981112200  HAZEN          
1981  8126  5  1981111818  1981112700  IRMA           
1982  8204  3  1982051600  1982052306  PAT            
1982  8205  3  1982062000  1982062706  RUBY           
1982  8206  6  1982062500  1982070400  TESS           
1982  8210  2  1982072118  1982080206  BESS           
1982  8211  6  1982080400  1982081506  CECIL          
1982  8212  5  1982080800  1982081700  DOT            
1982  8213  2  1982081800  1982082800  ELLIS          
1982  8215  4  1982082612  1982090600  GORDON         
1982  8218  2  1982090512  1982091300  JUDY           
1982  8219  6  1982091500  1982092506  KEN            
1982  8220  1  1982091506  1982091912  LOLA           
1982  8221  3  1982100106  1982100900  MAC            
1982  8223  1  1982101412  1982102800  OWEN           
1983  8302  5  1983071000  1983071400  TIP            
1983  8305  4  1983080400  1983082100  ABBY           
1983  8308  3  1983081806  1983082900  DOM            
1983  8309  5  1983082800  1983091000  ELLEN          
1983  8310  6  1983091900  1983092806  FORREST        
1983  8313  3  1983100700  1983101112  IDA            
1983  8317  3  1983103106  1983110712  MARGE          
1984  8403  6  1984070100  1984070500  ALEX           
1984  8404  5  1984070400  1984071018  BETTY          
1984  8405  4  1984070606  1984071706  CARY           
1984  8406  1  1984072400  1984080118  DINAH          
1984  8407  6  1984072418  1984080300  ED             
1984  8408  6  1984080400  1984081012  FREDA          
1984  8409  5  1984081500  1984082212  GERALD         
1984  8410  2  1984081506  1984082212  HOLLY          
1984  8412  5  1984082606  1984090112  JUNE           
1984  8414  5  1984092312  1984092800  LYNN           
1984  8415  1  1984092700  1984100212  NINA           
1984  8416  4  1984092606  1984100118  MAURY          
1984  8418  4  1984100900  1984101412  PHYLLIS        
1984  8420  5  1984101006  1984101506  SUSAN          
1984  8421  4  1984101806  1984102400  THAD           
1984  8422  3  1984102212  1984103018  VANESSA        
1984  8426  3  1984111400  1984112106  CLARA          
1985  8503  3  1985052000  1985052612  GAY            
1985  8505  5  1985061900  1985062712  HAL            
1985  8506  2  1985062406  1985070106  IRMA           
1985  8507  6  1985072112  1985080212  JEFF           
1985  8508  2  1985073100  1985081100  KIT            
1985  8509  6  1985080912  1985081412  LEE            
1985  8510  6  1985081412  1985081918  MAMIE          
1985  8513  2  1985082406  1985090112  PAT            
1985  8514  4  1985082600  1985090100  RUBY           
1985  8518  5  1985091818  1985092400  WINONA         
1985  8520  6  1985093000  1985100512  BRENDA         
1985  8524  6  1985102206  1985103112  FAY            
1985  8526  5  1985121700  1985122400  HOPE           
1986  8603  1  1986051600  1986052400  LOLA           
1986  8605  6  1986062018  1986062500  NANCY          
1986  8606  6  1986062606  1986070218  OWEN           
1986  8610  6  1986072912  1986080412  SARAH          
1986  8612  4  1986081006  1986082418  TIP            
1986  8613  6  1986081300  1986082818  VERA           
1986  8615  3  1986082806  1986090400  19921021       
1986  8616  5  1986091200  1986092012  ABBY           
1986  8617  4  1986091800  1986093012  BEN            
1986  8618  3  1986100112  1986100812  CARMEN         
1986  8621  3  1986101306  1986102006  FORREST        
1987  8704  3  1987062600  1987070200  SPERRY         
1987  8705  6  1987070700  1987071606  THELMA         
1987  8707  3  1987072100  1987080118  WYNNE          
1987  8708  6  1987072112  1987072918  ALEX           
1987  8712  6  1987082018  1987083112  DINAH          
1987  8713  4  1987090400  1987091900  FREDA          
1987  8714  5  1987090300  1987091018  GERALD         
1987  8715  1  1987090500  1987091718  HOLLY          
1987  8716  4  1987092300  1987100412  IAN            
1987  8717  1  1987092806  1987100700  PEKE           
1987  8719  2  1987100900  1987101712  KELLY          
1988  8802  6  1988052818  1988060306  SUSAN          
1988  8807  4  1988072712  1988080106  AGNES          
1988  8810  1  1988080518  1988081612  CLARA          
1988  8812  1  1988081300  1988082500  DOYLE          
1988  8814  1  1988082600  1988090118  ELSIE          
1988  8815  1  1988082606  1988090318  FABIAN         
1988  8817  1  1988090806  1988091606  ULEKI          
1988  8818  4  1988090800  1988091706  HAL            
1988  8824  3  1988093018  1988100906  NELSON         
1989  8906  6  1989062000  1989062403  ELLIS          
1989  8913  2  1989073006  1989080815  MAC            
1989  8914  4  1989081100  1989081621  NANCY          
1989  8915  4  1989080906  1989081906  OWEN           
1989  8917  2  1989082318  1989082812  ROGER          
1989  8920  1  1989090700  1989091412  TIP            
1989  8921  6  1989091106  1989091612  VERA           
1989  8922  2  1989091606  1989092006  WAYNE          
1989  8925  4  1989100100  1989100818  COLLEEN        
1989  8928  3  1989102100  1989102906  FORREST        
1990  9001  3  1990011200  1990011700  KORYN          
1990  9003  5  1990051406  1990051912  MARIAN         
1990  9005  5  1990061606  1990062506  OFELIA         
1990  9007  6  1990070418  1990071212  ROBYN          
1990  9008  4  1990072318  1990080212  STEVE          
1990  9010  1  1990072800  1990080918  VERNON         
1990  9011  2  1990080418  1990081112  WINONA         
1990  9014  2  1990081606  1990082303  ZOLA           
1990  9015  6  1990082406  1990090112  ABE            
1990  9019  2  1990091200  1990092006  FLO            
1990  9020  2  1990092200  1990093012  GENE           
1990  9021  2  1990093006  1990100809  HATTIE         
1990  9023  4  1990101506  1990102218  KYLE           
1990  9028  6  1990112100  1990113009  PAGE           
1990  9029  3  1990121318  1990122400  RUSS           
1991  9104  3  1991050600  1991051703  6              
1991  9109  2  1991072118  1991073012  6              
1991  9113  2  1991082600  1991083006  6              
1991  9115  4  1991090206  1991091018  6              
1991  9117  2  1991091000  1991091412  6              
1991  9118  2  1991091400  1991092000  6              
1991  9119  2  1991091300  1991092806  6              
1991  9121  4  1991100300  1991101403  6              
1991  9122  4  1991100406  1991101312  6              
1991  9123  5  1991101912  1991103100  6              
1991  9126  3  1991110506  1991111212  6              
1991  9128  3  1991112200  1991120118  6              
1991  9129  1  1991112706  1991120518  6              
1992  9201  3  1992010412  1992011518  6              
1992  9203  2  1992062312  1992063021  6              
1992  9210  2  1992080300  1992080903  6              
1992  9213  1  1992081706  1992082118  6              
1992  9214  3  1992081406  1992082118  6              
1992  9216  6  1992082700  1992090200  6              
1992  9217  4  1992083118  1992091200  6              
1992  9218  1  1992090406  1992091518  6              
1992  9219  6  1992091718  1992092415  6              
1992  9221  1  1992092618  1992100700  6              
1992  9222  3  1992100700  1992101800  6              
1992  9225  3  1992101700  1992102506  6              
1992  9227  4  1992102500  1992110400  6              
1992  9228  3  1992102906  1992110718  6              
1992  9230  6  1992111418  1992113000  6              
1992  9231  3  1992111506  1992112121  6              
1993  9304  2  1993071906  1993072503  6              
1993  9307  2  1993080106  1993081109  6              
1993  9311  4  1993082112  1993082806  6              
1993  9313  2  1993082900  1993090412  6              
1993  9314  2  1993090500  1993090906  6              
1993  9317  4  1993092218  1993092800  6              
1993  9319  3  1993093000  1993100812  6              
1993  9320  2  1993100100  1993100818  6              
1993  9322  1  1993101912  1993102512  6              
1994  9402  3  1994051118  1994051800  6              
1994  9403  5  1994060306  1994060918  6              
1994  9408  1  1994071706  1994072500  6              
1994  9414  6  1994080600  1994081612  6              
1994  9416  5  1994081400  1994082400  6              
1994  9419  1  1994082712  1994090412  6              
1994  9421  4  1994090506  1994091206  6              
1994  9424  4  1994091106  1994091918  6              
1994  9426  2  1994091712  1994093006  6              
1994  9427  4  1994092100  1994092818  6              
1994  9429  6  1994100212  1994101203  6              
1994  9431  3  1994101512  1994110112  6              
1994  9432  1  1994102000  1994110106  6              
1994  9434  3  1994102600  1994110800  6              
1994  9436  3  1994121806  1994122606  6              
1995  9502  5  1995060100  1995060818  6              
1995  9507  6  1995082018  1995082600  6              
1995  9512  4  1995091200  1995091718  6              
1995  9513  4  1995091400  1995092118  6              
1995  9514  2  1995091500  1995092409  6              
1995  9518  3  1995101606  1995102212  6              
1995  9522  1  1995103100  1995110400  6              
1995  9523  3  1995122406  1995123106  6              
1996  9603  3  1996050818  1996051900  6              
1996  9604  6  1996051806  1996052412  6              
1996  9605  4  1996070500  1996071206  0              
1996  9606  4  1996071306  1996072412  0              
1996  9610  1  1996073000  1996080606  6              
1996  9612  2  1996080318  1996081600  0              
1996  9614  4  1996082018  1996090312  0              
1996  9617  4  1996091106  1996092312  0              
1996  9618  4  1996091200  1996092012  6              
1996  9620  3  1996092100  1996100112  0              
1996  9621  4  1996092318  1996100318  0              
1996  9624  3  1996110318  1996111312  0              
1996  9626  3  1996122100  1996123000  6              
1997  9701  3  1997041200  1997042318  6              
1997  9702  1  1997042206  1997042612  6              
1997  9704  2  1997052600  1997053100  0              
1997  9705  1  1997052718  1997060200  0              
1997  9706  3  1997060500  1997061412  0              
1997  9707  2  1997061412  1997062100  6              
1997  9708  2  1997062206  1997062821  0              
1997  9710  1  1997072000  1997080300  0              
1997  9711  6  1997072900  1997080909  6              
1997  9713  6  1997080606  1997082012  6              
1997  9714  1  1997081606  1997082306  0              
1997  9718  4  1997082606  1997090418  0              
1997  9719  2  1997090318  1997091621  0              
1997  9720  4  1997091106  1997091918  0              
1997  9722  1  1997092300  1997093012  0              
1997  9723  2  1997101300  1997102506  6              
1997  9724  4  1997101306  1997102406  6              
1997  9725  3  1997102606  1997110803  6              
1998  9804  1  1998082400  1998090700  0              
1998  9805  2  1998091200  1998091612  0              
1998  9807  2  1998091706  1998092300  0              
1998  9810  2  1998101000  1998101800  6              
1998  9811  5  1998101406  1998102712  6              
1999  9901  3  1999042118  1999042812  6              
1999  9907  6  1999072900  1999080318  6              
1999  9910  5  1999081718  1999082418  6              
1999  9912  1  1999081906  1999082418  0              
1999  9916  2  1999091100  1999091512  6              
1999  9917  6  1999091412  1999091918  6              
1999  9918  2  1999091700  1999092503  0              
1999  9920  5  1999100212  1999101018  6              
2000  0001  3  2000050418  2000051212  6              
2000  0003  2  2000070206  2000070821  6              
2000  0004  6  2000070312  2000071018  6              
2000  0006  6  2000072400  2000073106  6              
2000  0009  4  2000080900  2000081812  6              
2000  0010  5  2000081812  2000082518  6              
2000  0012  6  2000082418  2000090112  6              
2000  0014  6  2000083118  2000091606  6              
2000  0017  4  2000091406  2000091806  0              
2000  0018  1  2000091706  2000092418  0              
2000  0020  5  2000102418  2000110112  6              
2001  0101  6  2001050912  2001051412  6              
2001  0102  5  2001061918  2001062412  6              
2001  0106  4  2001072106  2001072900  6              
2001  0108  6  2001072506  2001080106  6              
2001  0109  4  2001080118  2001080918  6              
2001  0112  4  2001082606  2001090300  0              
2001  0113  1  2001082618  2001083018  6              
2001  0115  4  2001090300  2001091206  6              
2001  0117  4  2001091700  2001092112  6              
2001  0118  4  2001091800  2001092518  0              
2001  0120  3  2001100312  2001100906  0              
2001  0121  2  2001101118  2001101812  6              
2001  0122  1  2001101800  2001102800  0              
2001  0125  4  2001121318  2001122600  6              
2002  0203  4  2002051400  2002052118  6              
2002  0205  6  2002062800  2002070612  6              
2002  0206  2  2002062800  2002071115  6              
2002  0207  2  2002070606  2002071618  0              
2002  0213  4  2002081100  2002082100  0              
2002  0215  2  2002082206  2002090118  6              
2002  0217  1  2002083000  2002091006  0              
2002  0221  2  2002092600  2002100206  6              
2002  0222  3  2002100812  2002101312  0              
2002  0225  3  2002112000  2002112500  6              
2002  0226  3  2002120206  2002121106  6              
2003  0301  3  2003011506  2003012100  6              
2003  0303  1  2003051900  2003052706  6              
2003  0304  6  2003052506  2003053100  6              
2003  0305  6  2003053000  2003060400  6              
2003  0306  6  2003061200  2003061915  6              
2003  0310  2  2003080218  2003080918  6              
2003  0314  2  2003090400  2003091321  6              
2003  0315  4  2003091600  2003092300  0              
2003  0316  3  2003092400  2003093006  0              
2003  0317  3  2003101706  2003102606  6              
2003  0318  1  2003101900  2003103112  0              
2003  0319  6  2003102900  2003110518  6              
2003  0321  3  2003111812  2003120212  6              
2004  0401  3  2004040218  2004041612  0              
2004  0402  2  2004051300  2004052106  6              
2004  0404  6  2004060418  2004061109  0              
2004  0406  2  2004061118  2004062118  0              
2004  0407  6  2004062118  2004070400  6              
2004  0408  4  2004062500  2004070406  6              
2004  0410  2  2004072412  2004080306  6              
2004  0412  1  2004080300  2004080906  0              
2004  0415  2  2004081400  2004082009  6              
2004  0416  2  2004081806  2004083106  6              
2004  0418  2  2004082606  2004090800  0              
2004  0421  2  2004091900  2004093000  6              
2004  0422  2  2004100306  2004101000  6              
2004  0423  2  2004101200  2004102018  0              
2004  0424  6  2004101400  2004102606  6              
2004  0427  5  2004112800  2004120406  6              
2004  0429  3  2004121700  2004122200  6              
2005  0501  3  2005011400  2005011906  6              
2005  0503  3  2005042106  2005042712  6              
2005  0506  1  2005071800  2005072412  6              
2005  0507  4  2005072012  2005072800  0              
2005  0509  6  2005073012  2005080806  6              
2005  0511  4  2005081906  2005082800  6              
2005  0512  4  2005081818  2005082512  6              
2005  0514  2  2005082900  2005090806  6              
2005  0515  6  2005090500  2005091300  6              
2005  0517  4  2005091900  2005092612  0              
2006  0601  5  2006050806  2006051900  6              
2006  0603  6  2006062906  2006071012  6              
2006  0607  2  2006080318  2006081006  6              
2006  0612  4  2006082706  2006090618  0              
2006  0613  2  2006090900  2006091812  6              
2006  0614  4  2006091612  2006092506  0              
2006  0618  4  2006100812  2006101612  6              
2007  0701  3  2007033012  2007040600  6              
2007  0702  3  2007051506  2007052300  0              
2007  0704  2  2007070706  2007071600  0              
2007  0705  2  2007072712  2007080412  6              
2007  0706  6  2007080418  2007081412  6              
2007  0709  2  2007082718  2007090800  6              
2007  0710  1  2007090600  2007091118  0              
2007  0711  6  2007091112  2007091700  6              
2007  0712  6  2007091500  2007092000  6              
2007  0715  5  2007100106  2007100806  0              
2007  0717  1  2007100300  2007100706  6              
2007  0718  1  2007101012  2007101506  0              
2008  0802  3  2008050700  2008051300  6              
2008  0804  6  2008051412  2008052012  6              
2008  0805  3  2008052606  2008060306  0              
2008  0807  6  2008071306  2008072012  6              
2008  0811  4  2008081318  2008081800  0              
2008  0813  3  2008090800  2008092100  6              
2008  0815  6  2008092400  2008100100  6              
2008  0822  3  2008121106  2008121812  6              
2009  0901  3  2009050112  2009050718  6              
2009  0903  5  2009061706  2009062306  6              
2009  0908  6  2009080218  2009081118  6              
2009  0909  4  2009080800  2009081412  0              
2009  0910  1  2009081612  2009082600  0              
2009  0911  4  2009082800  2009090112  6              
2009  0912  4  2009090218  2009091006  0              
2009  0914  3  2009091200  2009092012  6              
2009  0918  2  2009092906  2009100812  6              
2009  0919  4  2009100800  2009101400  0              
2009  0920  2  2009101412  2009102700  6              
2010  1004  2  2010080700  2010081218  6              
2010  1007  2  2010082812  2010090312  0              
2010  1010  6  2010090700  2010091200  6              
2010  1012  3  2010092006  2010092512  0              
2010  1014  2  2010102318  2010103018  6              
2011  1101  2  2011050612  2011051218  0              
2011  1102  6  2011051918  2011052906  6              
2011  1105  6  2011062018  2011062706  6              
2011  1106  4  2011071112  2011072412  6              
2011  1109  6  2011072700  2011080912  6              
2011  1110  1  2011080218  2011080918  6              
2011  1112  2  2011082318  2011090506  6              
2011  1113  4  2011090200  2011090612  0              
2011  1115  2  2011090912  2011092206  0              
2011  1116  4  2011091412  2011092012  0              
2012  1202  3  2012052018  2012052718  6              
2012  1203  2  2012053118  2012060606  6              
2012  1204  2  2012061012  2012062000  6              
2012  1207  6  2012071418  2012071918  6              
2012  1212  1  2012080306  2012081006  0              
2012  1214  6  2012081706  2012083012  6              
2012  1215  6  2012081906  2012082906  0              
2012  1216  2  2012091000  2012091800  6              
2012  1217  4  2012092000  2012100112  0              
2012  1218  4  2012092306  2012093000  6              
2012  1219  3  2012092912  2012100406  0              
2012  1221  3  2012100500  2012101912  0              
2013  1303  3  2013060618  2013061206  6              
2013  1304  6  2013061606  2013062100  6              
2013  1317  6  2013083100  2013090400  6              
2013  1318  2  2013091118  2013091612  6              
2013  1320  4  2013091906  2013092700  0              
2013  1324  6  2013100100  2013100900  6              
2013  1326  3  2013100900  2013101606  0              
2013  1327  2  2013101512  2013102606  6              
2013  1328  4  2013101900  2013102612  0              
2014  1403  3  2014022712  2014030518  6              
2014  1407  6  2014061300  2014061718  0              
2014  1408  2  2014070212  2014071100  6              
2014  1410  5  2014071606  2014072506  6              
2014  1411  2  2014072718  2014081100  6              
2014  1414  4  2014090512  2014091018  6              
2014  1416  6  2014091700  2014092400  6              
2014  1417  4  2014092312  2014093006  0              
2014  1418  2  2014092806  2014100612  0              
2014  1419  2  2014100212  2014101400  0              
2014  1420  3  2014103000  2014110618  6              
2015  1506  6  2015050206  2015051206  6              
2015  1507  4  2015050612  2015052100  0              
2015  1509  6  2015062906  2015071300  6              
2015  1513  6  2015072918  2015081118  6              
2015  1514  4  2015080600  2015081400  0              
2015  1515  6  2015081318  2015082512  6              
2015  1516  4  2015081400  2015082506  6              
2015  1517  4  2015090118  2015091112  0              
2015  1520  4  2015091318  2015092112  6              
2015  1523  4  2015100106  2015100718  6              
2015  1525  4  2015101300  2015102512  0              
2015  1526  3  2015111618  2015112700  6              
2016  1605  4  2016080212  2016080918  0              
2016  1606  4  2016080712  2016081500  6              
2016  1607  4  2016081200  2016081718  0              
2016  1609  2  2016081700  2016082303  6              
2016  1610  2  2016081700  2016083015  6              
2016  1614  5  2016090912  2016091606  6              
2016  1616  2  2016091118  2016092012  6              
2016  1618  2  2016092418  2016100512  0              
2016  1620  1  2016100318  2016101306  0              
2016  1622  5  2016101412  2016102200  6              
2016  1623  3  2016103018  2016110706  6              
2017  1705  2  2017071906  2017080812  6              
2017  1710  5  2017072712  2017080106  6              
2017  1711  1  2017073106  2017080518  6              
2017  1712  1  2017081018  2017081706  0              
2017  1715  4  2017082618  2017090312  0              
2017  1718  2  2017090812  2017091718  6              
2017  1721  2  2017101506  2017102300  6              
2017  1722  2  2017102206  2017102912  6              
2018  1805  3  2018060318  2018061118  6              
2018  1807  2  2018062800  2018070406  6              
2018  1810  6  2018071712  2018072500  6              
2018  1811  1  2018072200  2018072700  6              
2018  1813  4  2018080206  2018081006  6              
2018  1814  6  2018080600  2018081506  6              
2018  1819  2  2018081506  2018082418  0              
2018  1820  2  2018081612  2018082412  6              
2018  1821  2  2018082618  2018090500  0              
2018  1824  2  2018092006  2018100100  0              
2018  1825  6  2018092800  2018100612  6              
2018  1828  3  2018112012  2018112806  0              
2019  1905  6  2019071400  2019072112  6              
2019  1906  2  2019072400  2019072800  6              
2019  1908  2  2019080100  2019080818  6              
2019  1909  6  2019080206  2019081400  6              
2019  1910  2  2019080500  2019081612  6              
2019  1913  6  2019083100  2019090800  0              
2019  1915  4  2019090200  2019091000  6              
2019  1917  6  2019091700  2019092300  6              
2019  1918  6  2019092412  2019100306  6              
2019  1919  2  2019100418  2019101303  0              
2019  1920  6  2019101500  2019102112  6              
2019  1921  3  2019101806  2019102512  6              
2019  1923  4  2019110112  2019110900  6              
2019  1925  3  2019110918  2019111712  6              
2019  1927  6  2019111712  2019112318  6              
2020  2004  6  2020073018  2020080512  0              
2020  2005  2  2020080618  2020081106  6              
2020  2008  6  2020082018  2020082706  6              
2020  2009  6  2020082700  2020090306  6              
2020  2010  6  2020083012  2020090718  6              
2020  2012  2  2020091912  2020092406  6              
2020  2013  1  2020092512  2020093006  0              
2020  2014  4  2020100400  2020101700  6              
2021  2102  6  2021041218  2021042500  0              
2021  2103  5  2021052900  2021060506  6              
2021  2105  3  2021062000  2021062718  6              
2021  2106  6  2021071518  2021072918  6              
2021  2108  4  2021072212  2021072806  6              
2021  2109  6  2021080212  2021080900  6              
2021  2110  4  2021080306  2021081000  6              
2021  2111  1  2021080312  2021080800  6              
2021  2112  6  2021081812  2021082400  6              
2021  2114  2  2021090506  2021091806  6              
2021  2116  3  2021092212  2021100200  0              
