(80,161010)	1.0
(138,216257)	1.0
(151,96235)	1.0
(351,155324)	1.0
(522,152847)	1.0
(577,81127)	1.0
(577,82049)	1.0
(577,101076)	1.0
(577,120922)	1.0
(577,236849)	1.0
(581,174322)	1.0
(629,180081)	1.0
(640,231135)	1.0
(1026,126161)	1.0
(1026,238961)	1.0
(1078,115016)	1.0
(1205,123533)	1.0
(1205,234298)	1.0
(1286,142315)	1.0
(1330,95948)	1.0
(1330,128318)	1.0
(1337,223204)	1.0
(1339,69514)	1.0
(1463,206136)	1.0
(1536,72242)	1.0
(1797,144543)	1.0
(1875,138217)	1.0
(2071,155325)	1.0
(2071,178642)	1.0
(2320,149542)	1.0
(2813,72242)	1.0
(2863,67466)	1.0
(2863,110964)	1.0
(2964,74829)	1.0
(3076,115016)	1.0
(3119,163313)	1.0
(3139,217343)	1.0
(3139,241760)	1.0
(3139,247454)	1.0
(3359,109928)	1.0
(3359,135930)	1.0
(3359,167935)	1.0
(3359,176753)	1.0
(3359,202971)	1.0
(3542,230492)	1.0
(3580,87045)	1.0
(3605,184555)	1.0
(4262,115016)	1.0
(4269,109800)	1.0
(4269,136953)	1.0
(4269,160992)	1.0
(4269,180029)	1.0
(4356,150859)	1.0
(4356,160855)	1.0
(4449,247683)	1.0
(4514,96220)	1.0
(4514,104800)	1.0
(4514,183643)	1.0
(4514,192347)	1.0
(4514,229332)	1.0
(4553,183228)	1.0
(4672,149466)	1.0
(4709,68459)	1.0
(4709,87043)	1.0
(4709,123460)	1.0
(4709,130814)	1.0
(4709,133201)	1.0
(4709,136422)	1.0
(4709,155342)	1.0
(4709,209858)	1.0
(4742,165800)	1.0
(4743,80039)	1.0
(4743,82022)	1.0
(4743,121122)	1.0
(4743,123009)	1.0
(4743,180308)	1.0
(4743,195139)	1.0
(4743,225914)	1.0
(4752,64262)	1.0
(4761,103568)	1.0
(4781,216068)	1.0
(5030,123533)	1.0
(5030,234298)	1.0
(5276,86862)	1.0
(5412,229782)	1.0
(5437,99660)	1.0
(5441,105286)	1.0
(5510,123533)	1.0
(5510,234298)	1.0
(5923,87993)	1.0
(5923,208878)	1.0
(5948,228565)	1.0
(6027,126161)	1.0
(6027,238961)	1.0
(6049,205267)	1.0
(6049,231744)	1.0
(6148,113703)	1.0
(6934,71841)	1.0
(6934,102682)	1.0
(6950,79278)	1.0
(7013,155805)	1.0
(7027,93910)	1.0
(7027,100183)	1.0
(7027,182752)	1.0
(7027,208493)	1.0
(7095,99289)	1.0
(7149,138186)	1.0
(7149,165744)	1.0
(7149,196123)	1.0
(7149,218260)	1.0
(7152,140455)	1.0
(7160,84227)	1.0
(8083,105340)	1.0
(8246,238524)	1.0
(8246,242388)	1.0
(8517,95994)	1.0
(9144,232004)	1.0
(9180,115994)	1.0
(9180,184344)	1.0
(9242,146967)	1.0
(9593,198240)	1.0
(9851,142384)	1.0
(9886,189985)	1.0
(9915,80291)	1.0
(10141,139458)	1.0
(10532,77809)	1.0
(10554,102429)	1.0
(10554,183611)	1.0
(10554,199353)	1.0
(10554,219894)	1.0
(10710,143063)	1.0
(10710,161171)	1.0
(10807,221826)	1.0
(11079,238524)	1.0
(11079,242388)	1.0
(11119,70314)	1.0
(11469,108016)	1.0
(11543,122032)	1.0
(11549,94802)	1.0
(11576,160814)	1.0
(11576,169891)	1.0
(11576,221832)	1.0
(11576,229850)	1.0
(11641,72686)	1.0
(11641,84850)	1.0
(11661,129010)	1.0
(11732,115016)	1.0
(11756,138075)	1.0
(12427,153068)	1.0
(12575,135619)	1.0
(12630,134476)	1.0
(12743,245145)	1.0
(12745,117522)	1.0
(12745,177965)	1.0
(12745,183797)	1.0
(12817,160814)	1.0
(12817,169891)	1.0
(12817,221832)	1.0
(12817,229850)	1.0
(12834,160832)	1.0
(13152,117522)	1.0
(13152,177965)	1.0
(13152,183797)	1.0
(13411,146967)	1.0
(13441,151266)	1.0
(13539,95828)	1.0
(13543,87138)	1.0
(13845,102461)	1.0
(14003,115067)	1.0
(14044,223775)	1.0
(14110,81546)	1.0
(14188,64694)	1.0
(14188,64889)	1.0
(14188,71422)	1.0
(14188,75960)	1.0
(14188,77173)	1.0
(14188,213626)	1.0
(14188,233464)	1.0
(14233,138157)	1.0
(14338,101065)	1.0
(14386,174123)	1.0
(14386,194883)	1.0
(14452,67962)	1.0
(15022,229782)	1.0
(15501,77581)	1.0
(15512,112435)	1.0
(15518,245145)	1.0
(15519,120851)	1.0
(15519,143350)	1.0
(15519,161460)	1.0
(15519,191363)	1.0
(15520,225398)	1.0
(15570,207964)	1.0
(15748,117522)	1.0
(15748,177965)	1.0
(15748,183797)	1.0
(15774,86558)	1.0
(15774,205104)	1.0
(16080,83413)	1.0
(16184,79185)	1.0
(16221,138186)	1.0
(16221,165744)	1.0
(16221,196123)	1.0
(16221,218260)	1.0
(16232,109660)	1.0
(16258,94802)	1.0
(16307,158729)	1.0
(16310,106222)	1.0
(16485,96220)	1.0
(16485,104800)	1.0
(16485,183643)	1.0
(16485,192347)	1.0
(16485,229332)	1.0
(16683,136931)	1.0
(16683,137104)	1.0
(16896,72242)	1.0
(16909,143063)	1.0
(16909,161171)	1.0
(16952,67466)	1.0
(16952,110964)	1.0
(16953,81967)	1.0
(16953,102900)	1.0
(16956,65875)	1.0
(16956,68580)	1.0
(16956,118916)	1.0
(16956,135451)	1.0
(16956,161857)	1.0
(16956,203227)	1.0
(16984,80036)	1.0
(16995,139589)	1.0
(17001,124856)	1.0
(17164,195338)	1.0
(17727,99022)	1.0
(17873,182445)	1.0
(17873,211323)	1.0
(18324,76999)	1.0
(18324,86075)	1.0
(18324,236248)	1.0
(18584,176953)	1.0
(18638,96230)	1.0
(18655,155234)	1.0
(18655,221940)	1.0
(18661,112374)	1.0
(18661,163792)	1.0
(18661,169531)	1.0
(18661,225592)	1.0
(18712,93695)	1.0
(18821,183600)	1.0
(19079,225398)	1.0
(19253,144982)	1.0
(19320,139274)	1.0
(19370,84001)	1.0
(19374,65135)	1.0
(19374,73540)	1.0
(19374,77851)	1.0
(19374,84306)	1.0
(19374,99664)	1.0
(19374,111974)	1.0
(19374,113659)	1.0
(19374,180819)	1.0
(19374,182680)	1.0
(19374,183645)	1.0
(19374,185077)	1.0
(19374,192348)	1.0
(19374,194221)	1.0
(19374,214370)	1.0
(19374,219698)	1.0
(19374,224165)	1.0
(19374,224883)	1.0
(19374,227179)	1.0
(19374,228367)	1.0
(19374,228611)	1.0
(19538,121588)	1.0
(19895,217629)	1.0
(20036,154061)	1.0
(20137,114358)	1.0
(20137,193524)	1.0
(20601,79492)	1.0
(20828,182028)	1.0
(20863,249420)	0.857142857142857
(20875,234478)	1.0
(21174,137875)	1.0
(21642,183234)	1.0
(21727,115837)	1.0
(22014,97790)	1.0
(22029,72242)	1.0
(22365,131524)	1.0
(22502,90996)	1.0
(22885,81967)	1.0
(22885,102900)	1.0
(22896,102429)	1.0
(22896,183611)	1.0
(22896,199353)	1.0
(22896,219894)	1.0
(22938,96758)	1.0
(22941,96718)	1.0
(23376,232004)	1.0
(23704,97509)	1.0
(23834,92811)	1.0
(24140,134326)	1.0
(24292,134695)	1.0
(24389,80039)	1.0
(24389,82022)	1.0
(24389,121122)	1.0
(24389,123009)	1.0
(24389,180308)	1.0
(24389,195139)	1.0
(24389,225914)	1.0
(24390,108463)	1.0
(24390,111021)	1.0
(24392,159174)	1.0
(24392,234464)	1.0
(24394,137226)	1.0
(24394,162452)	1.0
(24394,163650)	1.0
(24394,168879)	1.0
(24394,169628)	1.0
(24394,171286)	1.0
(24394,196590)	1.0
(24394,204869)	1.0
(24394,211776)	1.0
(24394,216235)	1.0
(24394,237127)	1.0
(24948,234274)	1.0
(25106,204870)	1.0
(25140,197094)	1.0
(25299,204830)	1.0
(25349,214135)	1.0
(25517,119058)	1.0
(25538,162470)	1.0
(25538,165344)	1.0
(25889,214615)	1.0
(25891,231127)	1.0
(25892,102474)	1.0
(25892,181519)	1.0
(25895,130241)	1.0
(25895,197288)	1.0
(25895,220396)	1.0
(25895,229494)	1.0
(25933,137944)	1.0
(26589,246639)	1.0
(26744,83790)	1.0
(27040,216021)	1.0
(27207,173250)	1.0
(27284,112374)	1.0
(27284,163792)	1.0
(27284,169531)	1.0
(27284,225592)	1.0
(27313,204810)	1.0
(27363,142919)	1.0
(27363,247036)	1.0
(27363,248475)	1.0
(27365,80039)	1.0
(27365,82022)	1.0
(27365,121122)	1.0
(27365,123009)	1.0
(27365,180308)	1.0
(27365,195139)	1.0
(27365,225914)	1.0
(27494,72242)	1.0
(27555,143772)	1.0
(27555,233294)	1.0
(27684,65004)	1.0
(27779,140996)	1.0
(28437,173391)	1.0
(28558,71262)	1.0
(28563,173515)	1.0
(28671,82949)	1.0
(28671,126196)	1.0
(28735,105286)	1.0
(28752,88756)	1.0
(28752,92581)	1.0
(28752,102624)	1.0
(28752,110912)	1.0
(28931,175936)	1.0
(28962,227174)	1.0
(28966,65558)	1.0
(28966,86121)	1.0
(28966,109695)	1.0
(28966,149855)	1.0
(28966,182447)	1.0
(28966,182448)	1.0
(28966,192353)	1.0
(28966,221337)	1.0
(29127,112374)	1.0
(29127,163792)	1.0
(29127,169531)	1.0
(29127,225592)	1.0
(29148,103173)	1.0
(29191,81154)	1.0
(29229,74085)	1.0
(29229,130849)	1.0
(29229,142228)	1.0
(29229,150829)	1.0
(29229,155605)	1.0
(29229,181301)	1.0
(29229,186685)	1.0
(29229,195634)	1.0
(29229,221833)	1.0
(29273,220483)	1.0
(29366,88097)	1.0
(29489,86723)	1.0
(29489,113724)	1.0
(29489,137492)	1.0
(29489,158731)	1.0
(29489,178315)	1.0
(29489,206062)	1.0
(29542,68702)	1.0
(29688,108462)	1.0
(29886,145261)	1.0
(30007,89414)	1.0
(30025,64527)	1.0
(30025,127808)	1.0
(30172,232739)	1.0
(30211,123456)	1.0
(30283,150859)	1.0
(30283,160855)	1.0
(30422,72686)	1.0
(30422,84850)	1.0
(30516,123533)	1.0
(30516,234298)	1.0
(30758,80352)	1.0
(30758,181355)	1.0
(30895,67466)	1.0
(30895,110964)	1.0
(30898,70435)	1.0
(30898,99620)	1.0
(30899,204350)	1.0
(31160,72871)	1.0
(31238,123533)	1.0
(31238,234298)	1.0
(31472,86723)	1.0
(31472,113724)	1.0
(31472,137492)	1.0
(31472,158731)	1.0
(31472,178315)	1.0
(31472,206062)	1.0
(31482,113962)	1.0
(32188,84327)	1.0
(32188,163218)	1.0
(32282,112374)	1.0
(32282,163792)	1.0
(32282,169531)	1.0
(32282,225592)	1.0
(32379,115994)	1.0
(32379,184344)	1.0
(32418,140074)	1.0
(32522,219656)	1.0
(32522,234660)	1.0
(32748,140202)	1.0
(32801,210848)	1.0
(32801,227177)	1.0
(32832,86723)	1.0
(32832,113724)	1.0
(32832,137492)	1.0
(32832,158731)	1.0
(32832,178315)	1.0
(32832,206062)	1.0
(33357,137875)	1.0
(33642,160814)	1.0
(33642,169891)	1.0
(33642,221832)	1.0
(33642,229850)	1.0
(33793,155507)	1.0
(33793,206705)	1.0
(33793,224340)	1.0
(33824,95948)	1.0
(33824,128318)	1.0
(34092,174883)	1.0
(34110,119728)	1.0
(34110,148679)	1.0
(34494,174732)	1.0
(34523,85487)	1.0
(34523,108389)	1.0
(34523,116827)	1.0
(34566,102429)	1.0
(34566,183611)	1.0
(34566,199353)	1.0
(34566,219894)	1.0
(34581,74753)	1.0
(34689,106666)	1.0
(34834,208414)	1.0
(34985,208311)	1.0
(35034,107000)	1.0
(35034,132380)	1.0
(35034,168365)	1.0
(35034,174093)	1.0
(35294,125021)	1.0
(35294,134272)	1.0
(35294,189246)	1.0
(35296,126906)	1.0
(35321,204855)	1.0
(35341,222553)	1.0
(35454,98823)	1.0
(35479,102352)	1.0
(35479,114944)	1.0
(35479,243627)	1.0
(35532,85380)	1.0
(35532,149622)	1.0
(35532,161991)	1.0
(35632,169927)	1.0
(35632,204941)	1.0
(35632,215614)	1.0
(35721,93334)	1.0
(36017,78532)	1.0
(36017,84959)	1.0
(36017,93798)	1.0
(36017,106138)	1.0
(36017,120849)	1.0
(36017,179323)	1.0
(36017,194872)	1.0
(36017,215045)	1.0
(36017,227832)	1.0
(36055,168653)	0.857142857142857
(36056,65135)	1.0
(36056,73540)	1.0
(36056,77851)	1.0
(36056,84306)	1.0
(36056,99664)	1.0
(36056,111974)	1.0
(36056,113659)	1.0
(36056,180819)	1.0
(36056,182680)	1.0
(36056,183645)	1.0
(36056,185077)	1.0
(36056,192348)	1.0
(36056,194221)	1.0
(36056,214370)	1.0
(36056,219698)	1.0
(36056,224165)	1.0
(36056,224883)	1.0
(36056,227179)	1.0
(36056,228367)	1.0
(36056,228611)	1.0
(36114,66980)	1.0
(36248,95948)	1.0
(36248,128318)	1.0
(36359,108289)	1.0
(36491,91438)	1.0
(36560,89887)	1.0
(36560,109957)	1.0
(36560,133216)	1.0
(36560,182952)	1.0
(36560,210876)	1.0
(36561,177017)	1.0
(36561,186241)	1.0
(36784,81358)	1.0
(36810,86723)	1.0
(36810,113724)	1.0
(36810,137492)	1.0
(36810,158731)	1.0
(36810,178315)	1.0
(36810,206062)	1.0
(36968,187097)	1.0
(36969,114307)	1.0
(37035,186450)	1.0
(37444,244663)	1.0
(37445,95948)	1.0
(37445,128318)	1.0
(37478,113333)	1.0
(37478,187859)	1.0
(37623,108588)	1.0
(37686,128263)	1.0
(37876,143063)	1.0
(37876,161171)	1.0
(37927,86755)	1.0
(38148,76999)	1.0
(38148,86075)	1.0
(38148,236248)	1.0
(38209,74085)	1.0
(38209,130849)	1.0
(38209,142228)	1.0
(38209,150829)	1.0
(38209,155605)	1.0
(38209,181301)	1.0
(38209,186685)	1.0
(38209,195634)	1.0
(38209,221833)	1.0
(38211,102899)	1.0
(38404,80039)	1.0
(38404,82022)	1.0
(38404,121122)	1.0
(38404,123009)	1.0
(38404,180308)	1.0
(38404,195139)	1.0
(38404,225914)	1.0
(38461,155423)	1.0
(38515,72744)	1.0
(38545,158204)	1.0
(38645,206956)	1.0
(39058,174123)	1.0
(39058,194883)	1.0
(39081,100122)	1.0
(39081,116470)	1.0
(39082,152369)	1.0
(39082,196020)	1.0
(39089,187867)	1.0
(39133,190978)	1.0
(39133,221393)	1.0
(39173,110683)	1.0
(39295,96746)	1.0
(39349,84327)	1.0
(39349,163218)	1.0
(39400,121246)	1.0
(39410,141116)	1.0
(39687,177163)	1.0
(39815,69801)	1.0
(39867,65875)	1.0
(39867,68580)	1.0
(39867,118916)	1.0
(39867,135451)	1.0
(39867,161857)	1.0
(39867,203227)	1.0
(39879,105085)	1.0
(39985,140202)	1.0
(40054,75561)	1.0
(40203,102429)	1.0
(40203,183611)	1.0
(40203,199353)	1.0
(40203,219894)	1.0
(40301,100640)	1.0
(40417,70435)	1.0
(40417,99620)	1.0
(40607,217343)	1.0
(40607,241760)	1.0
(40607,247454)	1.0
(40659,118783)	1.0
(40745,76273)	1.0
(40745,87113)	1.0
(40745,97045)	1.0
(40745,129678)	1.0
(40745,219994)	1.0
(40745,228919)	1.0
(40814,76351)	1.0
(40831,124111)	1.0
(40893,65135)	1.0
(40893,73540)	1.0
(40893,77851)	1.0
(40893,84306)	1.0
(40893,99664)	1.0
(40893,111974)	1.0
(40893,113659)	1.0
(40893,180819)	1.0
(40893,182680)	1.0
(40893,183645)	1.0
(40893,185077)	1.0
(40893,192348)	1.0
(40893,194221)	1.0
(40893,214370)	1.0
(40893,219698)	1.0
(40893,224165)	1.0
(40893,224883)	1.0
(40893,227179)	1.0
(40893,228367)	1.0
(40893,228611)	1.0
(40950,221101)	1.0
(41066,93929)	1.0
(41068,74449)	1.0
(41068,246170)	1.0
(41092,205784)	1.0
(41228,74449)	1.0
(41228,246170)	1.0
(41466,92811)	1.0
(41503,82949)	1.0
(41503,126196)	1.0
(41535,92224)	1.0
(41535,211297)	1.0
(41858,207072)	1.0
(41870,94627)	1.0
(42059,197094)	1.0
(42100,64550)	0.857142857142857
(42313,172793)	1.0
(42630,64940)	1.0
(42702,64365)	1.0
(42876,155127)	1.0
(42975,221645)	1.0
(43119,114353)	1.0
(43152,194674)	1.0
(43326,169620)	1.0
(43359,230326)	1.0
(43382,91289)	1.0
(43569,137226)	1.0
(43569,162452)	1.0
(43569,163650)	1.0
(43569,168879)	1.0
(43569,169628)	1.0
(43569,171286)	1.0
(43569,196590)	1.0
(43569,204869)	1.0
(43569,211776)	1.0
(43569,216235)	1.0
(43569,237127)	1.0
(43615,161536)	1.0
(43937,65701)	1.0
(43937,66228)	1.0
(44257,80039)	1.0
(44257,82022)	1.0
(44257,121122)	1.0
(44257,123009)	1.0
(44257,180308)	1.0
(44257,195139)	1.0
(44257,225914)	1.0
(44278,93662)	1.0
(44278,213937)	1.0
(44469,68459)	1.0
(44469,87043)	1.0
(44469,123460)	1.0
(44469,130814)	1.0
(44469,133201)	1.0
(44469,136422)	1.0
(44469,155342)	1.0
(44469,209858)	1.0
(44522,179878)	1.0
(45002,135466)	1.0
(45067,128733)	1.0
(45433,64527)	1.0
(45433,127808)	1.0
(45449,130595)	1.0
(45584,67680)	1.0
(45619,190691)	1.0
(45619,210067)	1.0
(45622,214135)	1.0
(45623,180825)	1.0
(45667,160118)	1.0
(45743,192644)	1.0
(45788,131107)	1.0
(45895,238028)	1.0
(46216,72242)	1.0
(46356,149534)	1.0
(46363,190305)	1.0
(46400,227086)	1.0
(46495,115016)	1.0
(47257,87278)	1.0
(47257,88714)	1.0
(47545,86723)	1.0
(47545,113724)	1.0
(47545,137492)	1.0
(47545,158731)	1.0
(47545,178315)	1.0
(47545,206062)	1.0
(47927,186630)	1.0
(48148,174378)	1.0
(48148,214373)	1.0
(48148,239288)	1.0
(48298,202513)	1.0
(48315,106176)	1.0
(48367,71523)	1.0
(48367,126128)	1.0
(48367,128227)	1.0
(48367,144700)	1.0
(48367,228469)	1.0
(48367,238432)	1.0
(48581,210784)	1.0
(48631,162193)	1.0
(48721,82023)	1.0
(48940,81127)	1.0
(48940,82049)	1.0
(48940,101076)	1.0
(48940,120922)	1.0
(48940,236849)	1.0
(49166,83271)	1.0
(49166,207903)	1.0
(49172,227126)	1.0
(49589,76773)	1.0
(49589,179022)	1.0
(49589,182402)	1.0
(49589,183301)	1.0
(49613,181905)	1.0
(49970,87538)	1.0
(49970,88977)	1.0
(49970,91054)	1.0
(49970,211349)	1.0
(50137,101918)	1.0
(50137,114719)	1.0
(50137,126665)	1.0
(50142,148862)	1.0
(50239,205492)	1.0
(50329,72242)	1.0
(50353,86804)	1.0
(50422,123158)	1.0
(50432,65135)	1.0
(50432,73540)	1.0
(50432,77851)	1.0
(50432,84306)	1.0
(50432,99664)	1.0
(50432,111974)	1.0
(50432,113659)	1.0
(50432,180819)	1.0
(50432,182680)	1.0
(50432,183645)	1.0
(50432,185077)	1.0
(50432,192348)	1.0
(50432,194221)	1.0
(50432,214370)	1.0
(50432,219698)	1.0
(50432,224165)	1.0
(50432,224883)	1.0
(50432,227179)	1.0
(50432,228367)	1.0
(50432,228611)	1.0
(50522,79807)	1.0
(50641,76999)	1.0
(50641,86075)	1.0
(50641,236248)	1.0
(50677,144847)	1.0
(50677,161032)	1.0
(50677,163175)	1.0
(50677,211322)	1.0
(50677,224413)	1.0
(50782,123315)	1.0
(50996,168475)	1.0
(50996,203275)	1.0
(51218,126414)	1.0
(51260,96431)	1.0
(51260,175119)	1.0
(51260,191371)	1.0
(51264,113703)	1.0
(51456,86558)	1.0
(51456,205104)	1.0
(51481,234243)	1.0
(51661,117627)	1.0
(51707,132229)	1.0
(51739,229637)	1.0
(51904,83271)	1.0
(51904,207903)	1.0
(51946,96220)	1.0
(51946,104800)	1.0
(51946,183643)	1.0
(51946,192347)	1.0
(51946,229332)	1.0
(52142,78532)	1.0
(52142,84959)	1.0
(52142,93798)	1.0
(52142,106138)	1.0
(52142,120849)	1.0
(52142,179323)	1.0
(52142,194872)	1.0
(52142,215045)	1.0
(52142,227832)	1.0
(52236,157046)	1.0
(52348,174593)	1.0
(52854,78532)	1.0
(52854,84959)	1.0
(52854,93798)	1.0
(52854,106138)	1.0
(52854,120849)	1.0
(52854,179323)	1.0
(52854,194872)	1.0
(52854,215045)	1.0
(52854,227832)	1.0
(52900,85402)	1.0
(52900,126057)	1.0
(52900,132679)	1.0
(52900,183642)	1.0
(52900,215786)	1.0
(52900,224415)	1.0
(52900,239453)	1.0
(53112,103506)	1.0
(53112,135540)	1.0
(53112,184399)	1.0
(53314,134400)	1.0
(53414,85202)	1.0
(53414,86695)	1.0
(53414,101226)	1.0
(53447,105283)	1.0
(53447,167252)	1.0
(53458,207064)	1.0
(53637,183600)	1.0
(53926,99289)	1.0
(54131,201471)	1.0
(54144,78532)	1.0
(54144,84959)	1.0
(54144,93798)	1.0
(54144,106138)	1.0
(54144,120849)	1.0
(54144,179323)	1.0
(54144,194872)	1.0
(54144,215045)	1.0
(54144,227832)	1.0
(54145,81967)	1.0
(54145,102900)	1.0
(54147,109407)	1.0
(54183,114125)	1.0
(54184,154645)	1.0
(54184,191412)	1.0
(54184,202046)	1.0
(54193,107073)	1.0
(54307,113287)	1.0
(54337,204830)	1.0
(54372,65135)	1.0
(54372,73540)	1.0
(54372,77851)	1.0
(54372,84306)	1.0
(54372,99664)	1.0
(54372,111974)	1.0
(54372,113659)	1.0
(54372,180819)	1.0
(54372,182680)	1.0
(54372,183645)	1.0
(54372,185077)	1.0
(54372,192348)	1.0
(54372,194221)	1.0
(54372,214370)	1.0
(54372,219698)	1.0
(54372,224165)	1.0
(54372,224883)	1.0
(54372,227179)	1.0
(54372,228367)	1.0
(54372,228611)	1.0
(54478,235283)	1.0
(54569,78532)	1.0
(54569,84959)	1.0
(54569,93798)	1.0
(54569,106138)	1.0
(54569,120849)	1.0
(54569,179323)	1.0
(54569,194872)	1.0
(54569,215045)	1.0
(54569,227832)	1.0
(54596,225903)	1.0
(54602,149364)	1.0
(55311,71337)	1.0
(55508,211977)	1.0
(55651,126117)	1.0
(55651,203301)	1.0
(55804,132027)	1.0
(55804,211362)	1.0
(55886,79916)	1.0
(55886,80633)	1.0
(56135,227317)	1.0
(56460,224656)	1.0
(56485,111772)	1.0
(56485,214406)	1.0
(56644,65701)	1.0
(56644,66228)	1.0
(56659,65942)	1.0
(56659,135249)	1.0
(56800,135674)	1.0
(56974,158250)	1.0
(57128,91447)	1.0
(57208,158250)	1.0
(57268,181440)	1.0
(57268,186616)	1.0
(57268,236175)	1.0
(57967,116298)	1.0
(58377,217629)	1.0
(58384,64694)	1.0
(58384,64889)	1.0
(58384,71422)	1.0
(58384,75960)	1.0
(58384,77173)	1.0
(58384,213626)	1.0
(58384,233464)	1.0
(58435,135018)	1.0
(58459,73298)	1.0
(58585,117522)	1.0
(58585,177965)	1.0
(58585,183797)	1.0
(58624,96220)	1.0
(58624,104800)	1.0
(58624,183643)	1.0
(58624,192347)	1.0
(58624,229332)	1.0
(58663,246036)	0.857142857142857
(58742,109812)	1.0
(58814,102109)	1.0
(59569,122596)	1.0
(59641,166552)	1.0
(60169,224714)	1.0
(60330,132432)	1.0
(60410,86723)	1.0
(60410,113724)	1.0
(60410,137492)	1.0
(60410,158731)	1.0
(60410,178315)	1.0
(60410,206062)	1.0
(60446,204153)	1.0
(60537,114294)	1.0
(60537,150503)	1.0
(60600,68459)	1.0
(60600,87043)	1.0
(60600,123460)	1.0
(60600,130814)	1.0
(60600,133201)	1.0
(60600,136422)	1.0
(60600,155342)	1.0
(60600,209858)	1.0
(60789,183600)	1.0
(60832,222062)	1.0
(61181,177794)	1.0
(61315,88949)	1.0
(61321,106578)	1.0
(61322,64694)	1.0
(61322,64889)	1.0
(61322,71422)	1.0
(61322,75960)	1.0
(61322,77173)	1.0
(61322,213626)	1.0
(61322,233464)	1.0
(61591,183600)	1.0
(61668,74870)	1.0
(61764,225398)	1.0
(61822,238843)	1.0
(61942,177695)	1.0
(62045,155885)	1.0
(62224,134123)	1.0
(62271,201620)	1.0
(62271,213024)	1.0
(62449,191915)	1.0
(62576,200533)	1.0
(62601,64378)	1.0
(62601,134582)	1.0
(62769,111007)	1.0
(62827,118616)	1.0
(62888,208554)	1.0
(62888,230425)	1.0
(63003,171950)	1.0
(63108,76773)	1.0
(63108,179022)	1.0
(63108,182402)	1.0
(63108,183301)	1.0
(63110,72882)	1.0
(63165,74045)	1.0
(63165,227833)	1.0
(63217,86723)	1.0
(63217,113724)	1.0
(63217,137492)	1.0
(63217,158731)	1.0
(63217,178315)	1.0
(63217,206062)	1.0
(63266,86723)	1.0
(63266,113724)	1.0
(63266,137492)	1.0
(63266,158731)	1.0
(63266,178315)	1.0
(63266,206062)	1.0
(63328,133423)	1.0
(63361,140094)	1.0
(63361,146352)	1.0
(63361,228918)	1.0
(63492,65187)	1.0
(63589,102474)	1.0
(63589,181519)	1.0
(63609,110215)	1.0
(63790,135958)	1.0
(63932,139584)	1.0
(64113,204697)	1.0
(64694,213626)	1.0
(64694,233464)	1.0
(64889,213626)	1.0
(64889,233464)	1.0
(64898,229334)	1.0
(65135,180819)	1.0
(65135,182680)	1.0
(65135,183645)	1.0
(65135,185077)	1.0
(65135,192348)	1.0
(65135,194221)	1.0
(65135,214370)	1.0
(65135,219698)	1.0
(65135,224165)	1.0
(65135,224883)	1.0
(65135,227179)	1.0
(65135,228367)	1.0
(65135,228611)	1.0
(65241,150418)	1.0
(65241,159488)	1.0
(65241,162563)	1.0
(65241,200596)	1.0
(65241,219811)	1.0
(65241,242888)	1.0
(65442,149567)	1.0
(65558,149855)	1.0
(65558,182447)	1.0
(65558,182448)	1.0
(65558,192353)	1.0
(65558,221337)	1.0
(65875,161857)	1.0
(65875,203227)	1.0
(66454,141263)	1.0
(66560,141505)	1.0
(66560,145272)	1.0
(66666,171483)	1.0
(67302,226677)	1.0
(67374,157798)	1.0
(67390,152808)	1.0
(67520,185526)	1.0
(67619,174986)	1.0
(68110,218734)	1.0
(68459,155342)	1.0
(68459,209858)	1.0
(68580,161857)	1.0
(68580,203227)	1.0
(68865,214163)	1.0
(69062,210849)	1.0
(69089,174770)	1.0
(69572,161272)	1.0
(69572,193321)	1.0
(69572,230818)	1.0
(69851,141015)	1.0
(69851,156582)	1.0
(69852,156583)	1.0
(70046,238809)	1.0
(70656,226138)	1.0
(71129,139350)	1.0
(71422,213626)	1.0
(71422,233464)	1.0
(71523,144700)	1.0
(71523,228469)	1.0
(71523,238432)	1.0
(71591,179790)	1.0
(71659,161891)	1.0
(71659,165117)	1.0
(72134,152966)	1.0
(72540,218013)	1.0
(73540,180819)	1.0
(73540,182680)	1.0
(73540,183645)	1.0
(73540,185077)	1.0
(73540,192348)	1.0
(73540,194221)	1.0
(73540,214370)	1.0
(73540,219698)	1.0
(73540,224165)	1.0
(73540,224883)	1.0
(73540,227179)	1.0
(73540,228367)	1.0
(73540,228611)	1.0
(73770,146790)	1.0
(74045,227833)	1.0
(74085,142228)	1.0
(74085,150829)	1.0
(74085,155605)	1.0
(74085,181301)	1.0
(74085,186685)	1.0
(74085,195634)	1.0
(74085,221833)	1.0
(74183,223841)	1.0
(74302,178420)	1.0
(74449,246170)	1.0
(74481,140858)	1.0
(74563,193564)	1.0
(75067,191705)	1.0
(75436,222248)	1.0
(75516,209754)	1.0
(75819,141505)	1.0
(75819,145272)	1.0
(75889,143907)	1.0
(75960,213626)	1.0
(75960,233464)	1.0
(76128,189099)	1.0
(76152,192546)	1.0
(76273,219994)	1.0
(76273,228919)	1.0
(76393,162420)	1.0
(76773,179022)	1.0
(76773,182402)	1.0
(76773,183301)	1.0
(76999,236248)	1.0
(77130,142875)	1.0
(77132,229783)	1.0
(77140,158188)	1.0
(77140,162664)	1.0
(77173,213626)	1.0
(77173,233464)	1.0
(77851,180819)	1.0
(77851,182680)	1.0
(77851,183645)	1.0
(77851,185077)	1.0
(77851,192348)	1.0
(77851,194221)	1.0
(77851,214370)	1.0
(77851,219698)	1.0
(77851,224165)	1.0
(77851,224883)	1.0
(77851,227179)	1.0
(77851,228367)	1.0
(77851,228611)	1.0
(78201,242364)	1.0
(78206,149609)	1.0
(78231,244416)	1.0
(78410,194629)	1.0
(78532,179323)	1.0
(78532,194872)	1.0
(78532,215045)	1.0
(78532,227832)	1.0
(78846,195960)	1.0
(79378,210260)	1.0
(79413,140413)	1.0
(79413,215170)	1.0
(80027,141210)	1.0
(80039,180308)	1.0
(80039,195139)	1.0
(80039,225914)	1.0
(80041,196591)	1.0
(80241,237325)	1.0
(80241,237405)	1.0
(80352,181355)	1.0
(80554,139799)	1.0
(81078,159265)	1.0
(81127,236849)	1.0
(81240,209547)	1.0
(81318,147494)	1.0
(81408,145417)	1.0
(82022,180308)	1.0
(82022,195139)	1.0
(82022,225914)	1.0
(82049,236849)	1.0
(82168,198082)	1.0
(82260,202731)	1.0
(82275,167951)	1.0
(83271,207903)	1.0
(83709,146790)	1.0
(83940,153634)	1.0
(83940,153882)	1.0
(83941,153634)	1.0
(83941,153882)	1.0
(84102,213877)	1.0
(84117,202915)	1.0
(84210,173545)	1.0
(84306,180819)	1.0
(84306,182680)	1.0
(84306,183645)	1.0
(84306,185077)	1.0
(84306,192348)	1.0
(84306,194221)	1.0
(84306,214370)	1.0
(84306,219698)	1.0
(84306,224165)	1.0
(84306,224883)	1.0
(84306,227179)	1.0
(84306,228367)	1.0
(84306,228611)	1.0
(84327,163218)	1.0
(84427,231114)	1.0
(84493,158188)	1.0
(84493,162664)	1.0
(84503,150078)	1.0
(84959,179323)	1.0
(84959,194872)	1.0
(84959,215045)	1.0
(84959,227832)	1.0
(84996,172064)	1.0
(85057,213746)	1.0
(85152,208336)	1.0
(85211,158101)	1.0
(85239,148428)	1.0
(85357,226189)	1.0
(85380,149622)	1.0
(85380,161991)	1.0
(85402,183642)	1.0
(85402,215786)	1.0
(85402,224415)	1.0
(85402,239453)	1.0
(86075,236248)	1.0
(86121,149855)	1.0
(86121,182447)	1.0
(86121,182448)	1.0
(86121,192353)	1.0
(86121,221337)	1.0
(86558,205104)	1.0
(86723,137492)	1.0
(86723,158731)	1.0
(86723,178315)	1.0
(86723,206062)	1.0
(86744,136788)	1.0
(86838,186115)	1.0
(87043,155342)	1.0
(87043,209858)	1.0
(87113,219994)	1.0
(87113,228919)	1.0
(87538,211349)	1.0
(87669,166922)	1.0
(87993,208878)	1.0
(88018,226340)	1.0
(88048,210710)	1.0
(88140,182212)	1.0
(88310,137256)	1.0
(88310,244264)	1.0
(88721,188091)	1.0
(88734,176201)	1.0
(88977,211349)	1.0
(89724,144663)	1.0
(89822,146648)	1.0
(89822,180264)	1.0
(89873,172983)	1.0
(89887,182952)	1.0
(89887,210876)	1.0
(90439,240695)	1.0
(90825,136788)	1.0
(91054,211349)	1.0
(91682,177621)	1.0
(91761,197273)	1.0
(91761,244958)	1.0
(91841,137833)	1.0
(92211,180594)	1.0
(92224,211297)	1.0
(92482,137284)	1.0
(92694,161523)	1.0
(92913,187832)	1.0
(92953,220683)	1.0
(93529,181513)	0.857142857142857
(93600,190983)	1.0
(93600,191935)	1.0
(93600,244873)	1.0
(93662,213937)	1.0
(93798,179323)	1.0
(93798,194872)	1.0
(93798,215045)	1.0
(93798,227832)	1.0
(93910,182752)	1.0
(93910,208493)	1.0
(94135,154206)	1.0
(94139,201725)	1.0
(94143,157798)	1.0
(95986,160785)	1.0
(96220,183643)	1.0
(96220,192347)	1.0
(96220,229332)	1.0
(96322,147794)	1.0
(96431,175119)	1.0
(96431,191371)	1.0
(97045,219994)	1.0
(97045,228919)	1.0
(97157,174306)	1.0
(97395,190862)	1.0
(97422,231312)	1.0
(97422,235203)	1.0
(97682,186117)	1.0
(97903,138237)	1.0
(98012,229466)	1.0
(98054,209012)	1.0
(98727,140519)	1.0
(99048,162561)	1.0
(99077,158579)	1.0
(99664,180819)	1.0
(99664,182680)	1.0
(99664,183645)	1.0
(99664,185077)	1.0
(99664,192348)	1.0
(99664,194221)	1.0
(99664,214370)	1.0
(99664,219698)	1.0
(99664,224165)	1.0
(99664,224883)	1.0
(99664,227179)	1.0
(99664,228367)	1.0
(99664,228611)	1.0
(100183,182752)	1.0
(100183,208493)	1.0
(100334,180609)	1.0
(100334,208421)	1.0
(100412,141505)	1.0
(100412,145272)	1.0
(100823,248230)	1.0
(100911,241779)	1.0
(101019,217133)	1.0
(101076,236849)	1.0
(101409,198542)	1.0
(102182,146372)	1.0
(102352,243627)	1.0
(102429,183611)	1.0
(102429,199353)	1.0
(102429,219894)	1.0
(102474,181519)	1.0
(102623,223987)	1.0
(102794,238654)	1.0
(102922,158433)	1.0
(103247,220463)	1.0
(103380,204572)	1.0
(103469,181835)	1.0
(103506,184399)	1.0
(103798,172074)	1.0
(104317,225890)	1.0
(104465,204115)	1.0
(104772,210143)	1.0
(104800,183643)	1.0
(104800,192347)	1.0
(104800,229332)	1.0
(105173,137124)	1.0
(105265,213370)	1.0
(105283,167252)	1.0
(105502,153153)	1.0
(105502,211290)	1.0
(105838,246129)	1.0
(106138,179323)	1.0
(106138,194872)	1.0
(106138,215045)	1.0
(106138,227832)	1.0
(106382,210576)	1.0
(106601,215110)	1.0
(106659,213001)	1.0
(106659,223076)	1.0
(106671,200084)	1.0
(106826,137922)	1.0
(106826,214621)	1.0
(106833,178897)	1.0
(106833,180320)	1.0
(106833,238344)	1.0
(106963,176407)	1.0
(107000,168365)	1.0
(107000,174093)	1.0
(107056,234463)	1.0
(107056,235398)	1.0
(107056,244496)	1.0
(107088,159289)	1.0
(107088,163469)	1.0
(107088,195988)	1.0
(107345,212418)	1.0
(107345,212746)	1.0
(107345,236949)	1.0
(107518,151502)	1.0
(107518,184133)	1.0
(107518,214612)	1.0
(108015,223987)	1.0
(108909,249409)	1.0
(108984,138117)	1.0
(109021,207808)	1.0
(109021,229921)	1.0
(109021,232412)	1.0
(109030,181857)	1.0
(109209,210153)	1.0
(109575,186056)	1.0
(109680,246652)	1.0
(109695,149855)	1.0
(109695,182447)	1.0
(109695,182448)	1.0
(109695,192353)	1.0
(109695,221337)	1.0
(109751,138117)	1.0
(109800,136953)	1.0
(109800,160992)	1.0
(109800,180029)	1.0
(109814,154532)	1.0
(109925,155142)	1.0
(109928,167935)	1.0
(109928,176753)	1.0
(109928,202971)	1.0
(109957,182952)	1.0
(109957,210876)	1.0
(109991,136788)	1.0
(110649,143557)	1.0
(110650,176952)	1.0
(110813,172074)	1.0
(110966,170072)	1.0
(110971,158978)	1.0
(111044,171937)	1.0
(111140,217054)	1.0
(111772,214406)	1.0
(111974,180819)	1.0
(111974,182680)	1.0
(111974,183645)	1.0
(111974,185077)	1.0
(111974,192348)	1.0
(111974,194221)	1.0
(111974,214370)	1.0
(111974,219698)	1.0
(111974,224165)	1.0
(111974,224883)	1.0
(111974,227179)	1.0
(111974,228367)	1.0
(111974,228611)	1.0
(112039,143005)	1.0
(112286,248163)	1.0
(112287,209163)	1.0
(112347,205217)	1.0
(112374,163792)	1.0
(112374,169531)	1.0
(112374,225592)	1.0
(112478,247043)	1.0
(112540,217702)	1.0
(112944,234461)	1.0
(112981,210410)	1.0
(112981,228640)	1.0
(113286,139703)	1.0
(113331,174150)	1.0
(113333,187859)	1.0
(113353,139703)	1.0
(113659,180819)	1.0
(113659,182680)	1.0
(113659,183645)	1.0
(113659,185077)	1.0
(113659,192348)	1.0
(113659,194221)	1.0
(113659,214370)	1.0
(113659,219698)	1.0
(113659,224165)	1.0
(113659,224883)	1.0
(113659,227179)	1.0
(113659,228367)	1.0
(113659,228611)	1.0
(113702,231148)	1.0
(113702,237570)	1.0
(113724,137492)	1.0
(113724,158731)	1.0
(113724,178315)	1.0
(113724,206062)	1.0
(113781,238911)	1.0
(114294,150503)	1.0
(114352,162008)	1.0
(114352,180467)	1.0
(114352,191642)	1.0
(114352,203448)	1.0
(114352,244716)	1.0
(114358,193524)	1.0
(114524,199820)	1.0
(114559,139302)	1.0
(114559,147213)	1.0
(114721,140456)	1.0
(114752,187663)	1.0
(114764,235209)	1.0
(114772,209163)	1.0
(114871,232364)	1.0
(114944,243627)	1.0
(114963,202774)	1.0
(115130,150154)	1.0
(115130,240126)	1.0
(115237,224832)	1.0
(115304,184601)	1.0
(115542,164891)	1.0
(115962,190883)	1.0
(115962,206734)	1.0
(115994,184344)	1.0
(116105,164649)	1.0
(116105,234895)	1.0
(116105,235460)	1.0
(116246,169848)	1.0
(116915,158188)	1.0
(116915,162664)	1.0
(117102,202450)	1.0
(117125,160300)	1.0
(117209,177252)	1.0
(117396,167951)	1.0
(117412,231842)	1.0
(117435,158199)	1.0
(117522,177965)	1.0
(117522,183797)	1.0
(117632,158011)	1.0
(117662,197782)	1.0
(117998,241182)	1.0
(118075,246229)	1.0
(118434,192002)	1.0
(118454,231485)	1.0
(118916,161857)	1.0
(118916,203227)	1.0
(119258,187862)	1.0
(119279,169406)	1.0
(119728,148679)	1.0
(120187,206523)	1.0
(120187,238562)	1.0
(120373,144663)	1.0
(120849,179323)	1.0
(120849,194872)	1.0
(120849,215045)	1.0
(120849,227832)	1.0
(120851,143350)	1.0
(120851,161460)	1.0
(120851,191363)	1.0
(120877,181513)	0.857142857142857
(120882,181751)	1.0
(120883,162008)	1.0
(120883,180467)	1.0
(120883,191642)	1.0
(120883,203448)	1.0
(120883,244716)	1.0
(120922,236849)	1.0
(121025,221471)	1.0
(121122,180308)	1.0
(121122,195139)	1.0
(121122,225914)	1.0
(121167,190982)	1.0
(121434,171961)	1.0
(121444,149567)	1.0
(121448,140126)	1.0
(121519,165724)	1.0
(121524,191889)	1.0
(121580,183888)	1.0
(121672,147798)	1.0
(121712,150031)	1.0
(121766,190983)	1.0
(121766,191935)	1.0
(121766,244873)	1.0
(121921,154532)	1.0
(122181,225578)	1.0
(122293,163185)	1.0
(122293,205352)	1.0
(122293,234232)	1.0
(122367,155662)	1.0
(122768,141014)	1.0
(123009,180308)	1.0
(123009,195139)	1.0
(123009,225914)	1.0
(123460,155342)	1.0
(123460,209858)	1.0
(123516,162271)	1.0
(123533,234298)	1.0
(123634,202679)	1.0
(123870,248230)	1.0
(124035,139651)	1.0
(124109,204795)	1.0
(124223,216511)	1.0
(124295,218172)	1.0
(124303,197392)	1.0
(124537,218095)	1.0
(124804,197706)	1.0
(124833,205583)	1.0
(124835,177923)	1.0
(124921,149567)	1.0
(125021,189246)	1.0
(125034,156447)	1.0
(125034,212385)	1.0
(125124,136908)	1.0
(125124,221628)	1.0
(125165,239047)	1.0
(125257,150052)	1.0
(125257,174586)	1.0
(125308,142935)	1.0
(125370,199445)	1.0
(125440,217528)	1.0
(126057,183642)	1.0
(126057,215786)	1.0
(126057,224415)	1.0
(126057,239453)	1.0
(126117,203301)	1.0
(126122,218578)	1.0
(126128,144700)	1.0
(126128,228469)	1.0
(126128,238432)	1.0
(126161,238961)	1.0
(126164,198770)	1.0
(126725,163202)	1.0
(126855,249852)	1.0
(126888,139015)	1.0
(126902,231089)	1.0
(127769,210260)	1.0
(127787,239578)	1.0
(127787,239985)	1.0
(127897,162008)	1.0
(127897,180467)	1.0
(127897,191642)	1.0
(127897,203448)	1.0
(127897,244716)	1.0
(127899,234463)	1.0
(127899,235398)	1.0
(127899,244496)	1.0
(127929,231842)	1.0
(128032,201933)	1.0
(128032,207157)	1.0
(128032,245910)	1.0
(128227,144700)	1.0
(128227,228469)	1.0
(128227,238432)	1.0
(128410,223642)	1.0
(128561,201493)	1.0
(128564,190135)	1.0
(128586,141220)	1.0
(128586,161737)	1.0
(128586,179595)	1.0
(128586,225433)	1.0
(128586,237369)	1.0
(128629,164767)	1.0
(128629,199876)	1.0
(128773,146685)	1.0
(128775,169044)	1.0
(128775,247281)	1.0
(128876,149459)	1.0
(128876,152320)	1.0
(128950,138435)	1.0
(128960,138237)	1.0
(129638,142935)	1.0
(129678,219994)	1.0
(129678,228919)	1.0
(129753,201772)	1.0
(129753,219600)	1.0
(130165,244329)	1.0
(130241,197288)	1.0
(130241,220396)	1.0
(130241,229494)	1.0
(130464,203292)	1.0
(130533,162015)	1.0
(130612,155379)	1.0
(130612,204904)	1.0
(130689,154964)	1.0
(130689,166121)	1.0
(130689,167179)	1.0
(130689,195481)	1.0
(130814,155342)	1.0
(130814,209858)	1.0
(130849,142228)	1.0
(130849,150829)	1.0
(130849,155605)	1.0
(130849,181301)	1.0
(130849,186685)	1.0
(130849,195634)	1.0
(130849,221833)	1.0
(131229,203839)	1.0
(132027,211362)	1.0
(132166,228786)	1.0
(132271,193564)	1.0
(132380,168365)	1.0
(132380,174093)	1.0
(132679,183642)	1.0
(132679,215786)	1.0
(132679,224415)	1.0
(132679,239453)	1.0
(132965,185319)	1.0
(133112,158978)	1.0
(133138,218578)	1.0
(133201,155342)	1.0
(133201,209858)	1.0
(133216,182952)	1.0
(133216,210876)	1.0
(133295,143541)	1.0
(133425,216005)	1.0
(133453,240106)	1.0
(133674,142971)	1.0
(133882,190663)	1.0
(134093,211560)	1.0
(134172,198749)	1.0
(134272,189246)	1.0
(134312,214372)	1.0
(134366,218013)	1.0
(134556,192555)	1.0
(134772,210171)	1.0
(134780,216256)	1.0
(134979,161876)	1.0
(135451,161857)	1.0
(135451,203227)	1.0
(135540,184399)	1.0
(135658,190429)	1.0
(135802,208960)	1.0
(135810,204676)	1.0
(135924,151251)	1.0
(135925,143504)	1.0
(135930,167935)	1.0
(135930,176753)	1.0
(135930,202971)	1.0
(136095,173225)	1.0
(136096,161891)	1.0
(136096,165117)	1.0
(136329,158579)	1.0
(136384,152667)	1.0
(136422,155342)	1.0
(136422,209858)	1.0
(136477,190748)	1.0
(136603,229508)	1.0
(136908,221628)	1.0
(137226,211776)	1.0
(137226,216235)	1.0
(137226,237127)	1.0
(137256,244264)	1.0
(137342,210051)	1.0
(137894,230202)	1.0
(137922,214621)	1.0
(138186,218260)	1.0
(139184,210051)	1.0
(139756,244020)	1.0
(140094,228918)	1.0
(140413,215170)	1.0
(141069,215625)	1.0
(141184,216717)	1.0
(141220,225433)	1.0
(141220,237369)	1.0
(141463,222541)	1.0
(141464,219013)	1.0
(141464,219699)	1.0
(142228,221833)	1.0
(142593,221718)	1.0
(142702,227395)	1.0
(142745,226595)	1.0
(142919,247036)	1.0
(142919,248475)	1.0
(143772,233294)	1.0
(144700,228469)	1.0
(144700,238432)	1.0
(144847,211322)	1.0
(144847,224413)	1.0
(145048,217365)	1.0
(145367,210178)	1.0
(145824,237133)	1.0
(146330,213206)	1.0
(146352,228918)	1.0
(146657,244024)	1.0
(146997,212620)	1.0
(147471,218538)	1.0
(147986,249466)	1.0
(148506,225269)	1.0
(149049,217775)	1.0
(149855,221337)	1.0
(150154,240126)	1.0
(150337,216922)	1.0
(150337,217635)	1.0
(150418,219811)	1.0
(150418,242888)	1.0
(150829,221833)	1.0
(150951,223754)	1.0
(151284,212707)	1.0
(151502,214612)	1.0
(153153,211290)	1.0
(153961,223489)	1.0
(154201,249466)	1.0
(155234,221940)	1.0
(155342,209858)	1.0
(155507,224340)	1.0
(155605,221833)	1.0
(155752,222000)	1.0
(156447,212385)	1.0
(156669,236278)	1.0
(156673,225341)	1.0
(157925,229606)	1.0
(158174,230502)	1.0
(158362,221718)	1.0
(159047,236772)	1.0
(159174,234464)	1.0
(159298,246641)	1.0
(159488,219811)	1.0
(159488,242888)	1.0
(160277,221292)	1.0
(160305,233225)	1.0
(160814,221832)	1.0
(160814,229850)	1.0
(161032,211322)	1.0
(161032,224413)	1.0
(161272,230818)	1.0
(161288,225874)	1.0
(161737,225433)	1.0
(161737,237369)	1.0
(161745,224425)	1.0
(161865,226134)	1.0
(161916,227835)	1.0
(161916,239252)	1.0
(162008,244716)	1.0
(162236,211785)	1.0
(162452,211776)	1.0
(162452,216235)	1.0
(162452,237127)	1.0
(162563,219811)	1.0
(162563,242888)	1.0
(162701,238333)	1.0
(163175,211322)	1.0
(163175,224413)	1.0
(163185,234232)	1.0
(163650,211776)	1.0
(163650,216235)	1.0
(163650,237127)	1.0
(163792,225592)	1.0
(164194,213235)	1.0
(164649,234895)	1.0
(164649,235460)	1.0
(165102,229492)	1.0
(165744,218260)	1.0
(166004,227835)	1.0
(166004,239252)	1.0
(166191,227176)	1.0
(167055,232597)	1.0
(167689,240622)	1.0
(167957,248009)	1.0
(168461,224230)	1.0
(168879,211776)	1.0
(168879,216235)	1.0
(168879,237127)	1.0
(168898,243275)	1.0
(169044,247281)	1.0
(169405,223271)	1.0
(169531,225592)	1.0
(169628,211776)	1.0
(169628,216235)	1.0
(169628,237127)	1.0
(169837,229068)	1.0
(169891,221832)	1.0
(169891,229850)	1.0
(169927,215614)	1.0
(171284,214613)	1.0
(171286,211776)	1.0
(171286,216235)	1.0
(171286,237127)	1.0
(172651,212177)	1.0
(173117,226174)	1.0
(173940,233285)	1.0
(174378,214373)	1.0
(174378,239288)	1.0
(176337,210661)	1.0
(176934,213836)	1.0
(177007,248009)	1.0
(177078,239906)	1.0
(177245,237972)	1.0
(177708,244024)	1.0
(178399,230297)	1.0
(178879,217407)	1.0
(178879,227402)	1.0
(178897,238344)	1.0
(179323,215045)	1.0
(179323,227832)	1.0
(179595,225433)	1.0
(179595,237369)	1.0
(180308,225914)	1.0
(180320,238344)	1.0
(180467,244716)	1.0
(180813,249178)	1.0
(180819,214370)	1.0
(180819,219698)	1.0
(180819,224165)	1.0
(180819,224883)	1.0
(180819,227179)	1.0
(180819,228367)	1.0
(180819,228611)	1.0
(181164,214720)	1.0
(181301,221833)	1.0
(181440,236175)	1.0
(181971,232299)	1.0
(182200,230058)	1.0
(182445,211323)	1.0
(182447,221337)	1.0
(182448,221337)	1.0
(182680,214370)	1.0
(182680,219698)	1.0
(182680,224165)	1.0
(182680,224883)	1.0
(182680,227179)	1.0
(182680,228367)	1.0
(182680,228611)	1.0
(182952,210876)	1.0
(183611,219894)	1.0
(183642,215786)	1.0
(183642,224415)	1.0
(183642,239453)	1.0
(183643,229332)	1.0
(183645,214370)	1.0
(183645,219698)	1.0
(183645,224165)	1.0
(183645,224883)	1.0
(183645,227179)	1.0
(183645,228367)	1.0
(183645,228611)	1.0
(184042,239881)	1.0
(184133,214612)	1.0
(185077,214370)	1.0
(185077,219698)	1.0
(185077,224165)	1.0
(185077,224883)	1.0
(185077,227179)	1.0
(185077,228367)	1.0
(185077,228611)	1.0
(186395,232193)	1.0
(186451,232351)	1.0
(186616,236175)	1.0
(186646,210150)	1.0
(186685,221833)	1.0
(187336,210440)	1.0
(187746,225341)	1.0
(188816,221371)	1.0
(189191,221718)	1.0
(190233,222079)	1.0
(190652,233951)	1.0
(190691,210067)	1.0
(190930,242558)	1.0
(190978,221393)	1.0
(190983,244873)	1.0
(191642,244716)	1.0
(191935,244873)	1.0
(192347,229332)	1.0
(192348,214370)	1.0
(192348,219698)	1.0
(192348,224165)	1.0
(192348,224883)	1.0
(192348,227179)	1.0
(192348,228367)	1.0
(192348,228611)	1.0
(192353,221337)	1.0
(192630,230334)	1.0
(193321,230818)	1.0
(194221,214370)	1.0
(194221,219698)	1.0
(194221,224165)	1.0
(194221,224883)	1.0
(194221,227179)	1.0
(194221,228367)	1.0
(194221,228611)	1.0
(194818,234986)	1.0
(194872,215045)	1.0
(194872,227832)	1.0
(195139,225914)	1.0
(195634,221833)	1.0
(195648,243521)	1.0
(196123,218260)	1.0
(196590,211776)	1.0
(196590,216235)	1.0
(196590,237127)	1.0
(197273,244958)	1.0
(197288,220396)	1.0
(197288,229494)	1.0
(199107,225643)	1.0
(199107,226528)	1.0
(199343,222312)	1.0
(199353,219894)	1.0
(199397,215864)	1.0
(199511,219835)	1.0
(199584,228323)	1.0
(199962,236776)	1.0
(199984,221718)	1.0
(200568,220633)	1.0
(200574,214369)	1.0
(200574,239821)	1.0
(200596,219811)	1.0
(200596,242888)	1.0
(200853,246046)	1.0
(201221,213836)	1.0
(201620,213024)	1.0
(201772,219600)	1.0
(201933,245910)	1.0
(202994,216037)	1.0
(203448,244716)	1.0
(204299,216848)	1.0
(204869,211776)	1.0
(204869,216235)	1.0
(204869,237127)	1.0
(204941,215614)	1.0
(205267,231744)	1.0
(205352,234232)	1.0
(205355,210636)	1.0
(206435,217074)	1.0
(206523,238562)	1.0
(206705,224340)	1.0
(206814,210897)	1.0
(207157,245910)	1.0
(207324,228215)	1.0
(207657,213836)	1.0
(207662,244652)	1.0
(207808,229921)	1.0
(207808,232412)	1.0
(207941,230297)	1.0
(208478,237885)	1.0
(208537,210273)	1.0
(208554,230425)	1.0
(208572,212207)	1.0
(208572,227372)	1.0
(209257,216757)	1.0
(209311,228059)	1.0
